#saving the metrics
#Mon Jan 21 03:04:17 CST 2019
ER=1.0
IGD=25.553864678361276
HV=0.0
EP=21.0
SPREAD=1.2383641086364883
GSPREAD=0.8743485037325976
IGD+=25.553864678361276
GD=6.47576329123306
TIME=207.83669781684875
