#saving the metrics
#Mon Jan 21 03:17:49 CST 2019
ER=1.0
IGD=35.805027579936315
HV=0.0
EP=32.0
SPREAD=1.211271111846085
GSPREAD=1.09156263075561
IGD+=35.805027579936315
GD=7.462754076927526
TIME=212.13014936447144
