#saving the metrics
#Mon Jan 21 01:50:50 CST 2019
ER=1.0
IGD=39.42080668885405
HV=0.0
EP=33.0
SPREAD=1.1565433681465418
GSPREAD=0.890735043776805
IGD+=39.42080668885405
GD=6.175865541990351
TIME=224.44987726211548
