#saving the metrics
#Mon Jan 21 01:54:25 CST 2019
ER=1.0
IGD=41.6293165929973
HV=0.0
EP=36.0
SPREAD=1.1483960553215644
GSPREAD=0.8040172218713448
IGD+=41.6293165929973
GD=6.8953499070124105
TIME=214.2227087020874
