#saving the metrics
#Mon Jan 21 03:00:48 CST 2019
ER=1.0
IGD=42.731721238442994
HV=0.0
EP=33.0
SPREAD=1.220734493156454
GSPREAD=0.9716496026821594
IGD+=42.731721238442994
GD=7.594233401231552
TIME=280.52597665786743
