#saving the metrics
#Mon Jan 21 02:25:01 CST 2019
ER=1.0
IGD=23.874672772626646
HV=0.0
EP=19.0
SPREAD=1.2127125139799417
GSPREAD=0.6541147690682269
IGD+=23.874672772626646
GD=6.607760159923009
TIME=202.38219904899597
