#saving the metrics
#Mon Jan 21 03:11:04 CST 2019
ER=1.0
IGD=25.768197453450252
HV=0.0
EP=19.0
SPREAD=1.101789293615362
GSPREAD=0.9923786104186855
IGD+=25.768197453450252
GD=6.083940422601098
TIME=207.72439789772034
