#saving the metrics
#Mon Jan 21 03:14:16 CST 2019
ER=1.0
IGD=14.035668847618199
HV=0.0
EP=10.0
SPREAD=1.1780427211331959
GSPREAD=1.1899079346604668
IGD+=14.035668847618199
GD=4.2910548735057725
TIME=191.00797414779663
