#saving the metrics
#Mon Jan 21 02:52:08 CST 2019
ER=1.0
IGD=28.809720581775867
HV=0.0
EP=24.0
SPREAD=1.2157486144049598
GSPREAD=0.7202836404590945
IGD+=28.809720581775867
GD=5.696161734308583
TIME=210.35640025138855
