#saving the metrics
#Mon Jan 21 02:11:27 CST 2019
ER=1.0
IGD=21.95449840010015
HV=0.0
EP=16.0
SPREAD=1.2193421574988514
GSPREAD=0.6614924549861866
IGD+=21.95449840010015
GD=4.824549842123959
TIME=194.02399492263794
