#saving the metrics
#Mon Jan 21 02:00:46 CST 2019
ER=1.0
IGD=22.47220505424423
HV=0.0
EP=17.0
SPREAD=1.1932442284939377
GSPREAD=0.8927269335612043
IGD+=22.47220505424423
GD=6.243174958311733
TIME=189.86593651771545
