#saving the metrics
#Mon Jan 21 02:35:23 CST 2019
ER=1.0
IGD=28.495613697550013
HV=0.0
EP=21.0
SPREAD=1.1892637430781852
GSPREAD=0.8343224075918038
IGD+=28.495613697550013
GD=4.945526391853249
TIME=199.5546736717224
