#saving the metrics
#Mon Jan 21 02:08:12 CST 2019
ER=1.0
IGD=38.28837943815329
HV=0.0
EP=30.0
SPREAD=1.1695490209019048
GSPREAD=1.0935014039104511
IGD+=38.28837943815329
GD=5.863473156783227
TIME=214.2637903690338
