#saving the metrics
#Mon Jan 21 03:28:32 CST 2019
ER=1.0
IGD=42.15447781671598
HV=0.0
EP=33.0
SPREAD=1.198776533323743
GSPREAD=0.906286340498696
IGD+=42.15447781671598
GD=7.687342720032593
TIME=214.27083683013916
