#saving the metrics
#Mon Jan 21 03:24:57 CST 2019
ER=1.0
IGD=41.701318923986086
HV=0.0
EP=34.0
SPREAD=1.1668091805238985
GSPREAD=0.7125768650231715
IGD+=41.701318923986086
GD=5.660837337804308
TIME=221.24638652801514
