#saving the metrics
#Wed Jan 16 07:19:55 CST 2019
ER=1.0
IGD=92.16289925995167
HV=0.0
EP=84.0
SPREAD=1.1795603885819574
GSPREAD=1.2193383924865397
IGD+=92.16289925995167
GD=11.643479387403834
TIME=1336.7808883190155
