#saving the metrics
#Wed Jan 16 03:21:04 CST 2019
ER=1.0
IGD=82.87943049997388
HV=0.0
EP=76.0
SPREAD=1.2685703091771208
GSPREAD=1.208943633536834
IGD+=82.87943049997388
GD=12.170985162204172
TIME=1292.1311538219452
