#saving the metrics
#Wed Jan 16 01:54:10 CST 2019
ER=1.0
IGD=87.88629017087932
HV=0.0
EP=84.0
SPREAD=1.1728704214325931
GSPREAD=1.1318213543123858
IGD+=87.88629017087932
GD=10.131569842970695
TIME=1300.632761001587
