#saving the metrics
#Wed Jan 16 04:27:47 CST 2019
ER=1.0
IGD=74.52516353554684
HV=0.0
EP=70.0
SPREAD=1.2575831150982493
GSPREAD=0.9235548300938898
IGD+=74.52516353554684
GD=10.422703284857166
TIME=1285.3731799125671
