#saving the metrics
#Wed Jan 16 06:35:47 CST 2019
ER=1.0
IGD=104.06728592598157
HV=0.0
EP=99.0
SPREAD=1.1789127523367633
GSPREAD=0.8543533727005007
IGD+=104.06728592598157
GD=12.046749451017936
TIME=1297.405177116394
