#saving the metrics
#Wed Jan 16 09:53:33 CST 2019
ER=1.0
IGD=87.71544903835355
HV=0.0
EP=85.0
SPREAD=1.1702168930925019
GSPREAD=1.1387362747165102
IGD+=87.71544903835355
GD=11.064953559726835
TIME=1290.4446949958801
