#saving the metrics
#Wed Jan 16 10:15:35 CST 2019
ER=1.0
IGD=96.79359482941007
HV=0.0
EP=88.0
SPREAD=1.191998021748665
GSPREAD=0.9897248933372071
IGD+=96.79359482941007
GD=11.532684500643517
TIME=1321.3428421020508
