#saving the metrics
#Wed Jan 16 01:32:28 CST 2019
ER=1.0
IGD=71.64495795239188
HV=0.0
EP=67.0
SPREAD=1.1740098310472973
GSPREAD=1.1519743673329428
IGD+=71.64495795239188
GD=10.009106964271199
TIME=1204.724714756012
