#saving the metrics
#Wed Jan 16 10:58:10 CST 2019
ER=1.0
IGD=95.53009996854395
HV=0.0
EP=88.0
SPREAD=1.2048628352073845
GSPREAD=1.1031205721945665
IGD+=95.53009996854395
GD=11.997913650830677
TIME=1239.8541326522827
