#saving the metrics
#Wed Jan 16 00:52:10 CST 2019
ER=1.0
IGD=108.61859877571612
HV=0.0
EP=101.0
SPREAD=1.202972357248322
GSPREAD=1.1538278079555557
IGD+=108.61859877571612
GD=13.785423962729602
TIME=1312.7861087322235
