#saving the metrics
#Wed Jan 16 04:50:02 CST 2019
ER=1.0
IGD=97.12878049270464
HV=0.0
EP=83.0
SPREAD=1.2142263063839327
GSPREAD=1.0392326233379792
IGD+=97.12878049270464
GD=14.904348084929266
TIME=1334.1799957752228
