#saving the metrics
#Wed Jan 16 02:16:24 CST 2019
ER=1.0
IGD=91.61331780914826
HV=0.0
EP=89.0
SPREAD=1.237676050909966
GSPREAD=1.0837534796839703
IGD+=91.61331780914826
GD=11.309739346317079
TIME=1333.5964496135712
