#saving the metrics
#Wed Jan 16 09:32:02 CST 2019
ER=1.0
IGD=103.26664514740469
HV=0.0
EP=99.0
SPREAD=1.22083574109902
GSPREAD=0.868304145077351
IGD+=103.26664514740469
GD=12.871036584768142
TIME=1366.098825931549
