#saving the metrics
#Wed Jan 08 05:04:36 CST 2020
ER=1.0
IGD=4.0
HV=0.0
EP=4.0
SPREAD=1.3548531416831147
GSPREAD=0.9396339807938734
IGD+=4.0
GD=1.0659436324986415
TIME=1228.2656607627869
