#saving the metrics
#Wed Jan 08 02:43:26 CST 2020
ER=1.0
IGD=2.23606797749979
HV=0.0
EP=2.0
SPREAD=1.4940862792868432
GSPREAD=0.06005113050204315
IGD+=2.23606797749979
GD=0.2956985656430481
TIME=1366.4743189811707
