#saving the metrics
#Wed Jan 08 03:53:00 CST 2020
ER=1.0
IGD=1.0
HV=0.0
EP=1.0
SPREAD=1.3613252874145316
GSPREAD=0.3302325581395347
IGD+=1.0
GD=1.4302212695309051
TIME=883.3643410205841
