#saving the metrics
#Wed Jan 08 01:13:05 CST 2020
ER=1.0
IGD=7.810249675906654
HV=0.0
EP=6.0
SPREAD=1.3528723018425035
GSPREAD=0.18243877891471896
IGD+=7.810249675906654
GD=0.8629433363866128
TIME=1089.7858057022095
