#saving the metrics
#Wed Jan 08 01:49:04 CST 2020
ER=1.0
IGD=3.0
HV=0.0
EP=2.0
SPREAD=1.4107492066072123
GSPREAD=0.19012806061938634
IGD+=3.0
GD=0.7860461059795562
TIME=1162.9521408081055
