#saving the metrics
#Tue Jan 07 22:31:17 CST 2020
ER=1.0
IGD=2.0
HV=0.0
EP=2.0
SPREAD=1.39360035370326
GSPREAD=0.9643126708522454
IGD+=2.0
GD=1.0447145885018412
TIME=1149.214082479477
