#saving the metrics
#Wed Jan 08 00:06:12 CST 2020
ER=1.0
IGD=2.23606797749979
HV=0.0
EP=2.0
SPREAD=1.489698718013322
GSPREAD=0.06005113050204315
IGD+=2.23606797749979
GD=0.41752971841491376
TIME=1189.359313249588
