#saving the metrics
#Wed Jan 08 04:15:58 CST 2020
ER=1.0
IGD=2.0
HV=0.0
EP=2.0
SPREAD=1.3768099906414495
GSPREAD=0.16234766402210013
IGD+=2.0
GD=0.7537660547584525
TIME=1377.0897378921509
