#saving the metrics
#Wed Jan 08 00:34:47 CST 2020
ER=1.0
IGD=1.0
HV=0.0
EP=1.0
SPREAD=1.660709368118685
GSPREAD=0.027777777777777776
IGD+=1.0
GD=0.10432810619146021
TIME=691.3151578903198
