#saving the metrics
#Tue Jan 07 21:37:54 CST 2020
ER=1.0
IGD=1.0
HV=0.0
EP=1.0
SPREAD=1.4700766195756252
GSPREAD=0.8797190769497442
IGD+=1.0
GD=0.7074594449246909
TIME=946.7346677780151
