#saving the metrics
#Wed Jan 08 06:01:52 CST 2020
ER=1.0
IGD=4.242640687119285
HV=0.0
EP=3.0
SPREAD=1.3797087176011968
GSPREAD=0.13907976768053934
IGD+=4.242640687119285
GD=1.5780236785798651
TIME=1272.361571073532
