#saving the metrics
#Wed Jan 08 00:23:15 CST 2020
ER=1.0
IGD=7.0710678118654755
HV=0.0
EP=6.0
SPREAD=1.4504069114071967
GSPREAD=0.25744597179939316
IGD+=7.0710678118654755
GD=0.8439191587381227
TIME=1022.4976844787598
