#saving the metrics
#Wed Jan 08 03:38:15 CST 2020
ER=1.0
IGD=1.0
HV=0.0
EP=1.0
SPREAD=1.4807692307692313
GSPREAD=0.2990147783251228
IGD+=1.0
GD=0.14317425122259914
TIME=1187.9353272914886
