#saving the metrics
#Sat Dec 29 11:53:19 CST 2018
ER=0.7115384615384616
IGD=0.0
HV=0.7048611111111112
EP=0.0
SPREAD=1.5145631067961187
GSPREAD=0.3031929060988689
IGD+=0.0
GD=0.04285173704205428
TIME=140.01961588859558
