#saving the metrics
#Sat Dec 29 11:27:23 CST 2018
ER=0.8942307692307693
IGD=0.02041241452319313
HV=0.6788194444444444
EP=0.08333333333333326
SPREAD=1.5339805825242736
GSPREAD=0.26918552991197625
IGD+=0.033333333333333305
GD=0.03728760666250938
TIME=142.06043601036072
