#saving the metrics
#Sat Dec 29 12:12:06 CST 2018
ER=0.7115384615384616
IGD=0.0
HV=0.7048611111111112
EP=0.0
SPREAD=1.5728155339805838
GSPREAD=0.32037816150829923
IGD+=0.0
GD=0.0392464644110848
TIME=139.2768440246582
