#saving the metrics
#Sat Dec 29 11:39:10 CST 2018
ER=0.6730769230769231
IGD=0.0
HV=0.7065972222222222
EP=0.0
SPREAD=1.5339805825242712
GSPREAD=0.30076800694048933
IGD+=0.0
GD=0.03985321097436349
TIME=140.69797539710999
