#saving the metrics
#Sat Dec 29 12:14:28 CST 2018
ER=0.7211538461538461
IGD=0.0
HV=0.7065972222222222
EP=0.0
SPREAD=1.553398058252428
GSPREAD=0.31421071683242574
IGD+=0.0
GD=0.04216639733856186
TIME=141.5451135635376
