#saving the metrics
#Sat Dec 29 11:13:12 CST 2018
ER=0.6826923076923077
IGD=0.0
HV=0.7083333333333334
EP=0.0
SPREAD=1.5145631067961158
GSPREAD=0.2940689256149814
IGD+=0.0
GD=0.041805120066492236
TIME=142.45360660552979
