#saving the metrics
#Sat Dec 29 12:02:44 CST 2018
ER=0.8461538461538461
IGD=0.008333333333333326
HV=0.6822916666666667
EP=0.04166666666666663
SPREAD=1.517248937326603
GSPREAD=0.23720947627372235
IGD+=0.008333333333333326
GD=0.05121941286697721
TIME=141.20896339416504
