#saving the metrics
#Sat Dec 29 11:15:36 CST 2018
ER=0.6923076923076923
IGD=0.0
HV=0.7065972222222222
EP=0.0
SPREAD=1.553398058252428
GSPREAD=0.32937881298969796
IGD+=0.0
GD=0.04187034169483621
TIME=142.92787265777588
