#saving the metrics
#Sat Dec 29 11:48:36 CST 2018
ER=0.6923076923076923
IGD=0.0
HV=0.7048611111111112
EP=0.0
SPREAD=1.553398058252427
GSPREAD=0.30399668086637777
IGD+=0.0
GD=0.03992162164586547
TIME=139.55607509613037
