#saving the metrics
#Sat Dec 29 11:20:20 CST 2018
ER=0.7115384615384616
IGD=0.0
HV=0.7048611111111112
EP=0.0
SPREAD=1.5533980582524263
GSPREAD=0.2809115795962624
IGD+=0.0
GD=0.0435981385675455
TIME=141.66724371910095
