#saving the metrics
#Sat Dec 29 11:46:16 CST 2018
ER=0.7019230769230769
IGD=0.0
HV=0.7048611111111112
EP=0.0
SPREAD=1.533980582524272
GSPREAD=0.29357821025157743
IGD+=0.0
GD=0.043811154075194064
TIME=141.0952708721161
