#saving the metrics
#Sat Dec 29 11:32:07 CST 2018
ER=0.7019230769230769
IGD=0.07120003121097943
HV=0.7048611111111112
EP=0.125
SPREAD=1.592233009708739
GSPREAD=0.31507418513930663
IGD+=0.025
GD=0.0422576584730148
TIME=141.6754870414734
