#saving the metrics
#Sat Dec 29 12:00:23 CST 2018
ER=0.8846153846153846
IGD=0.02041241452319313
HV=0.6840277777777777
EP=0.08333333333333326
SPREAD=1.5339805825242752
GSPREAD=0.26555020105628
IGD+=0.033333333333333305
GD=0.03982097705059859
TIME=141.35572481155396
