#saving the metrics
#Tue Jan 01 09:50:43 CST 2019
ER=1.0
IGD=2.8354506733960303
HV=0.0
EP=6.111111111111111
SPREAD=1.1164925182266063
GSPREAD=0.822834045278917
IGD+=6.940474387398175
GD=0.7877242564585706
TIME=202.32403945922852
