#saving the metrics
#Fri Jan 11 11:26:57 CST 2019
ER=1.0
IGD=2.6506721977900574
HV=0.0
EP=6.0
SPREAD=1.2100119684654267
GSPREAD=1.227895118568295
IGD+=6.4775071929182575
GD=0.8903288915448029
TIME=225.5317542552948
