#saving the metrics
#Fri Jan 11 11:12:06 CST 2019
ER=1.0
IGD=2.7633576324218194
HV=0.0
EP=6.333333333333333
SPREAD=1.2013017949229472
GSPREAD=0.9640661397662967
IGD+=6.764230120982146
GD=0.895647491665826
TIME=223.17651796340942
