#saving the metrics
#Fri Jan 11 11:23:11 CST 2019
ER=1.0
IGD=2.7622404973422845
HV=0.0
EP=6.222222222222222
SPREAD=1.1592570941686737
GSPREAD=0.8592856954790968
IGD+=6.761242593109594
GD=0.7673787411800679
TIME=209.40085768699646
