#saving the metrics
#Tue Jan 01 09:22:17 CST 2019
ER=1.0
IGD=3.0524394885526758
HV=0.0
EP=7.444444444444445
SPREAD=1.1764358050400479
GSPREAD=1.1686439626161795
IGD+=7.465193916318125
GD=0.8688858538531506
TIME=213.23403310775757
