#saving the metrics
#Tue Jan 01 10:14:48 CST 2019
ER=1.0
IGD=3.0879039641207062
HV=0.0
EP=7.333333333333333
SPREAD=1.1774195863352295
GSPREAD=0.784116181450853
IGD+=7.557165585942756
GD=0.8977722834473614
TIME=200.46306037902832
