#saving the metrics
#Tue Jan 01 08:53:48 CST 2019
ER=1.0
IGD=2.7107657642825917
HV=0.0
EP=6.444444444444445
SPREAD=1.1536043670929435
GSPREAD=0.8206601271785363
IGD+=6.633358730831407
GD=0.7610978237121133
TIME=205.70199370384216
