#saving the metrics
#Tue Jan 01 10:32:56 CST 2019
ER=1.0
IGD=2.911032182513084
HV=0.0
EP=6.555555555555555
SPREAD=1.2234278484114238
GSPREAD=0.9157768649499752
IGD+=7.119118890028299
GD=0.9704319621795622
TIME=218.86301970481873
