#saving the metrics
#Tue Jan 01 09:47:20 CST 2019
ER=1.0
IGD=4.066659920388386
HV=0.0
EP=8.88888888888889
SPREAD=1.1436384815473615
GSPREAD=0.8471383430455535
IGD+=9.955511612857139
GD=1.110652966771183
TIME=229.4642117023468
