#saving the metrics
#Tue Jan 01 10:11:27 CST 2019
ER=1.0
IGD=2.8345131893459468
HV=0.0
EP=6.777777777777778
SPREAD=1.241993516305974
GSPREAD=0.8900643864227853
IGD+=6.919474438004524
GD=0.6988913303016321
TIME=209.29660868644714
