#saving the metrics
#Tue Jan 01 09:39:58 CST 2019
ER=1.0
IGD=2.6137857328669503
HV=0.0
EP=6.222222222222222
SPREAD=1.2230631883095422
GSPREAD=1.0763116988462753
IGD+=6.3950922878872545
GD=0.8928164991729126
TIME=204.6412012577057
