#saving the metrics
#Tue Jan 01 10:25:28 CST 2019
ER=1.0
IGD=3.0436073914617783
HV=0.0
EP=7.111111111111111
SPREAD=1.1513192031498078
GSPREAD=0.7970131829136914
IGD+=7.448622098435883
GD=1.0538861764433078
TIME=208.00314092636108
