#saving the metrics
#Fri Jan 11 10:44:40 CST 2019
ER=1.0
IGD=3.4043615613802785
HV=0.0
EP=7.666666666666667
SPREAD=1.1604168641830805
GSPREAD=0.8758143004309468
IGD+=8.335933862715645
GD=1.1363017459496947
TIME=211.47742009162903
