#saving the metrics
#Tue Jan 01 09:54:24 CST 2019
ER=1.0
IGD=3.150298829642893
HV=0.0
EP=7.0
SPREAD=1.0664996797197552
GSPREAD=0.7695811480274296
IGD+=7.711855668720083
GD=0.8886337502317221
TIME=220.6357617378235
