#saving the metrics
#Tue Jan 01 09:43:30 CST 2019
ER=1.0
IGD=3.498873030398963
HV=0.0
EP=8.0
SPREAD=1.0921019257273352
GSPREAD=0.9053590126914995
IGD+=8.566248906693811
GD=0.9302273481741832
TIME=212.24241423606873
