#saving the metrics
#Tue Jan 01 10:29:17 CST 2019
ER=1.0
IGD=3.2965043629713526
HV=0.0
EP=7.888888888888889
SPREAD=1.1699326226449438
GSPREAD=0.8842531651243126
IGD+=8.06986193699384
GD=1.0587803969687701
TIME=228.01235008239746
