#saving the metrics
#Tue Jan 01 09:04:15 CST 2019
ER=1.0
IGD=2.751947807509033
HV=0.0
EP=6.333333333333333
SPREAD=1.142108619923919
GSPREAD=1.0689101372814052
IGD+=6.729739023532887
GD=0.7893784477379999
TIME=196.44442081451416
