#saving the metrics
#Tue Jan 01 09:18:44 CST 2019
ER=1.0
IGD=3.6117164734754117
HV=0.0
EP=8.444444444444445
SPREAD=1.2097778561663521
GSPREAD=1.0373727051764836
IGD+=8.841888443218515
GD=0.948523935828988
TIME=230.8970229625702
