#saving the metrics
#Fri Jan 11 11:44:41 CST 2019
ER=1.0
IGD=2.091035146414114
HV=0.0
EP=4.888888888888889
SPREAD=1.2073233717565126
GSPREAD=0.9442535240258475
IGD+=5.109951973179222
GD=0.6911821078783975
TIME=187.97290134429932
