#saving the metrics
#Fri Jan 11 10:48:02 CST 2019
ER=1.0
IGD=2.718377229147039
HV=0.0
EP=5.888888888888889
SPREAD=1.1881684427420318
GSPREAD=1.320835602829453
IGD+=6.64384911119134
GD=0.9026814782834349
TIME=201.69960641860962
