#saving the metrics
#Tue Jan 01 08:57:24 CST 2019
ER=1.0
IGD=3.398766216876672
HV=0.0
EP=8.333333333333334
SPREAD=1.1352827806105463
GSPREAD=1.0989414799026125
IGD+=8.318904195157316
GD=0.9736297984670154
TIME=214.90248799324036
