#saving the metrics
#Fri Jan 11 12:05:39 CST 2019
ER=1.0
IGD=3.090346267794223
HV=0.0
EP=6.888888888888889
SPREAD=1.1837918004456307
GSPREAD=1.018828951651686
IGD+=7.560899037317007
GD=0.9376433197655287
TIME=207.41761207580566
