#saving the metrics
#Tue Jan 01 09:36:33 CST 2019
ER=1.0
IGD=3.8276371168765575
HV=0.0
EP=8.444444444444445
SPREAD=1.147812391287745
GSPREAD=0.9188336259936583
IGD+=9.37307638888804
GD=1.1561560885030255
TIME=237.64800477027893
