#saving the metrics
#Tue Jan 01 09:25:39 CST 2019
ER=1.0
IGD=3.191128176645451
HV=0.0
EP=7.0
SPREAD=1.0980165105251771
GSPREAD=0.7204949226441603
IGD+=7.797922179011212
GD=0.8135157651298335
TIME=200.86415791511536
