#saving the metrics
#Tue Jan 01 10:04:22 CST 2019
ER=1.0
IGD=2.7483939692392885
HV=0.0
EP=6.555555555555555
SPREAD=1.185692179253074
GSPREAD=1.1126792442215863
IGD+=6.720012252176997
GD=0.7465720959558039
TIME=199.6429364681244
