#saving the metrics
#Tue Jan 01 10:01:02 CST 2019
ER=1.0
IGD=2.6089760117532657
HV=0.0
EP=6.333333333333333
SPREAD=1.2154182471780206
GSPREAD=1.1511981303130725
IGD+=6.3786717694981085
GD=0.9339525115062194
TIME=202.30296683311462
