#saving the metrics
#Fri Jan 11 11:04:38 CST 2019
ER=1.0
IGD=3.017922004226412
HV=0.0
EP=7.222222222222222
SPREAD=1.100527504708923
GSPREAD=0.7773679337412027
IGD+=7.387469691929585
GD=0.7806772073670427
TIME=194.95985341072083
