#saving the metrics
#Fri Jan 11 11:48:00 CST 2019
ER=1.0
IGD=2.99982852733546
HV=0.0
EP=7.0
SPREAD=1.1474462006461301
GSPREAD=0.9931075412989828
IGD+=7.339143733623831
GD=0.8890474474355167
TIME=197.84312176704407
