#saving the metrics
#Tue Jan 01 09:11:16 CST 2019
ER=1.0
IGD=2.048118009288665
HV=0.0
EP=4.777777777777778
SPREAD=1.252381731464299
GSPREAD=1.278178089824829
IGD+=5.007575085424873
GD=0.667809551979926
TIME=195.30537509918213
