#saving the metrics
#Tue Jan 01 10:22:00 CST 2019
ER=1.0
IGD=2.4788889165573758
HV=0.0
EP=5.666666666666667
SPREAD=1.2262617022877649
GSPREAD=1.2955619580095326
IGD+=6.06172895050054
GD=0.9444952782252798
TIME=205.38417601585388
