#saving the metrics
#Fri Jan 11 10:51:10 CST 2019
ER=1.0
IGD=2.6907350054742474
HV=0.0
EP=6.0
SPREAD=1.2227479210530778
GSPREAD=1.0410780501549295
IGD+=6.576299190510508
GD=0.9027310975004319
TIME=188.1248140335083
