#saving the metrics
#Tue Jan 01 09:32:35 CST 2019
ER=1.0
IGD=2.345993724826922
HV=0.0
EP=5.555555555555555
SPREAD=1.178484832899817
GSPREAD=0.9595535741809155
IGD+=5.735353435110121
GD=0.6035912419768615
TIME=200.73881673812866
