#saving the metrics
#Fri Jan 11 11:54:39 CST 2019
ER=1.0
IGD=2.2228779896627926
HV=0.0
EP=5.333333333333333
SPREAD=1.1925588936852667
GSPREAD=1.0168840372585883
IGD+=5.438134793264793
GD=0.6794390422742222
TIME=182.82618856430054
