#saving the metrics
#Fri Jan 11 11:16:05 CST 2019
ER=1.0
IGD=3.1616269187971167
HV=0.0
EP=7.222222222222222
SPREAD=1.2162884506290477
GSPREAD=0.8032499923668059
IGD+=7.738139644442174
GD=0.9718088960512125
TIME=238.11524629592896
