#saving the metrics
#Fri Jan 11 11:41:33 CST 2019
ER=1.0
IGD=3.7345015808824034
HV=0.0
EP=8.555555555555555
SPREAD=1.166958927119911
GSPREAD=0.7831224359586486
IGD+=9.141810023741954
GD=1.087603686195341
TIME=230.14702820777893
