#saving the metrics
#Tue Jan 01 09:14:52 CST 2019
ER=1.0
IGD=3.1345567176534797
HV=0.0
EP=7.666666666666667
SPREAD=1.1586734208876286
GSPREAD=0.876365900352875
IGD+=7.668710239077144
GD=0.8298998723014525
TIME=215.89512825012207
