#saving the metrics
#Tue Jan 01 09:00:59 CST 2019
ER=1.0
IGD=2.4424795694514887
HV=0.0
EP=5.555555555555555
SPREAD=1.1896550350231625
GSPREAD=0.7545747856946844
IGD+=5.965455866810383
GD=0.6883695487922802
TIME=214.14258575439453
