#saving the metrics
#Tue Jan 01 10:36:21 CST 2019
ER=1.0
IGD=2.609008872669474
HV=0.0
EP=5.888888888888889
SPREAD=1.0693073021464312
GSPREAD=0.7622427410958453
IGD+=6.38562805953896
GD=0.8952670201839023
TIME=205.03423237800598
