#saving the metrics
#Fri Jan 11 11:51:36 CST 2019
ER=1.0
IGD=3.485247175423821
HV=0.0
EP=8.11111111111111
SPREAD=1.1333630133481745
GSPREAD=0.8883318063942196
IGD+=8.534235273831172
GD=0.9427538111656126
TIME=216.38546013832092
