#saving the metrics
#Tue Jan 01 09:57:39 CST 2019
ER=1.0
IGD=2.868159243933236
HV=0.0
EP=6.666666666666667
SPREAD=1.1441768445124034
GSPREAD=0.9385187827201398
IGD+=7.00909431181313
GD=0.7507957015680945
TIME=194.7138011455536
