#saving the metrics
#Tue Jan 01 10:07:58 CST 2019
ER=1.0
IGD=3.344515708194445
HV=0.0
EP=7.888888888888889
SPREAD=1.2007812736816343
GSPREAD=0.9806930960596241
IGD+=8.186114481940015
GD=0.8800029839794062
TIME=215.05389261245728
