#saving the metrics
#Tue Jan 01 09:29:14 CST 2019
ER=1.0
IGD=3.2290131717136332
HV=0.0
EP=7.444444444444445
SPREAD=1.2092906492111999
GSPREAD=0.8806698212885848
IGD+=7.904848937340357
GD=1.0451856994469888
TIME=214.62775444984436
