#saving the metrics
#Fri Jan 11 12:09:26 CST 2019
ER=1.0
IGD=3.2714418780701604
HV=0.0
EP=7.0
SPREAD=1.1380866906249805
GSPREAD=0.882069802182457
IGD+=8.01130450347012
GD=0.9661175725372011
TIME=226.24367499351501
