#saving the metrics
#Tue Jan 01 09:08:00 CST 2019
ER=1.0
IGD=3.547251104419478
HV=0.0
EP=7.888888888888889
SPREAD=1.094412749677406
GSPREAD=0.8867908415386665
IGD+=8.684030627366988
GD=1.018400735304702
TIME=224.58824491500854
