#saving the metrics
#Fri Jan 11 11:01:23 CST 2019
ER=1.0
IGD=3.192430927418391
HV=0.0
EP=7.333333333333333
SPREAD=1.1852832821243826
GSPREAD=1.088078768427112
IGD+=7.801613279557343
GD=0.9176406333121923
TIME=205.81031680107117
