#saving the metrics
#Fri Jan 11 11:37:42 CST 2019
ER=1.0
IGD=2.9849732256337482
HV=0.0
EP=6.888888888888889
SPREAD=1.163269089444551
GSPREAD=0.7338448241743621
IGD+=7.301654208481078
GD=0.8998984355845154
TIME=215.80692172050476
