#saving the metrics
#Tue Jan 01 10:18:34 CST 2019
ER=1.0
IGD=3.9024235373701526
HV=0.0
EP=8.777777777777779
SPREAD=1.1396801197959567
GSPREAD=0.8485184371806056
IGD+=9.554301636631498
GD=1.023083838352666
TIME=225.40940189361572
