meanHV: 	0.9940230314585713	0.5097403597295466
meanET: 	275.002431623141	871.1721132516861
p__Val: 	1.5099296795810785e-11	1.5099296795810785e-11
