#saving the metrics
#Wed Jan 09 16:34:43 CST 2019
ER=1.0
IGD=10.63014581273465
HV=0.0
EP=10.0
SPREAD=1.248365654550627
GSPREAD=0.8626522293809635
IGD+=10.63014581273465
GD=1.9613730208667925
TIME=121.15176343917847
