#saving the metrics
#Wed Jan 09 16:13:55 CST 2019
ER=1.0
IGD=9.539392014169456
HV=0.0
EP=9.0
SPREAD=1.2680948573520612
GSPREAD=0.5737095527940783
IGD+=9.539392014169456
GD=1.3079904442569805
TIME=126.01224398612976
