#saving the metrics
#Wed Jan 09 16:51:47 CST 2019
ER=1.0
IGD=14.89966442575134
HV=0.0
EP=13.0
SPREAD=1.2528882803715753
GSPREAD=0.5954288678237093
IGD+=14.89966442575134
GD=2.2131128486197045
TIME=138.00448393821716
