#saving the metrics
#Wed Jan 09 16:00:54 CST 2019
ER=1.0
IGD=14.352700094407323
HV=0.0
EP=14.0
SPREAD=1.3199142962406967
GSPREAD=0.6211977213361606
IGD+=14.352700094407323
GD=1.7845901223423557
TIME=121.96389818191528
