#saving the metrics
#Wed Jan 09 16:47:24 CST 2019
ER=1.0
IGD=12.806248474865697
HV=0.0
EP=12.0
SPREAD=1.2105797081258352
GSPREAD=0.5145024285918101
IGD+=12.806248474865697
GD=1.896816762947741
TIME=126.32441711425781
