#saving the metrics
#Wed Jan 09 15:58:51 CST 2019
ER=1.0
IGD=18.49324200890693
HV=0.0
EP=17.0
SPREAD=1.2013459809065887
GSPREAD=0.45329530298775855
IGD+=18.49324200890693
GD=2.354924400960753
TIME=134.43587851524353
