#saving the metrics
#Wed Jan 09 16:49:28 CST 2019
ER=1.0
IGD=10.488088481701515
HV=0.0
EP=9.0
SPREAD=1.2873629140391751
GSPREAD=1.02419436830535
IGD+=10.488088481701515
GD=1.5979862611120748
TIME=124.03304195404053
