#saving the metrics
#Wed Jan 09 16:36:48 CST 2019
ER=1.0
IGD=12.727922061357855
HV=0.0
EP=12.0
SPREAD=1.2594527940553286
GSPREAD=0.743791343245582
IGD+=12.727922061357855
GD=1.787865371059581
TIME=124.22994756698608
