#saving the metrics
#Wed Jan 09 16:15:42 CST 2019
ER=1.0
IGD=2.23606797749979
HV=0.0
EP=2.0
SPREAD=1.270790689532252
GSPREAD=0.37968853901676725
IGD+=2.23606797749979
GD=1.160146992016055
TIME=106.74771857261658
