#saving the metrics
#Wed Jan 09 16:30:33 CST 2019
ER=1.0
IGD=6.782329983125268
HV=0.0
EP=6.0
SPREAD=1.333866780430007
GSPREAD=0.941555208528525
IGD+=6.782329983125268
GD=1.2478734746026057
TIME=125.73924326896667
