#saving the metrics
#Wed Jan 09 16:26:18 CST 2019
ER=1.0
IGD=13.92838827718412
HV=0.0
EP=12.0
SPREAD=1.2009309482415462
GSPREAD=0.8007294396280383
IGD+=13.92838827718412
GD=2.344869441656123
TIME=126.78324031829834
