#saving the metrics
#Wed Jan 09 16:19:50 CST 2019
ER=1.0
IGD=6.4031242374328485
HV=0.0
EP=6.0
SPREAD=1.3762758194912013
GSPREAD=1.0419040963763253
IGD+=6.4031242374328485
GD=1.5114978830088173
TIME=119.65369319915771
