#saving the metrics
#Wed Jan 08 10:14:20 CST 2020
ER=1.0
IGD=70.5691150575094
HV=0.0
EP=70.0
SPREAD=1.5351232482052168
GSPREAD=0.8303373336016814
IGD+=70.5691150575094
GD=9.819851244191527
TIME=2954.4551153182983
