#saving the metrics
#Wed Jan 08 22:35:52 CST 2020
ER=1.0
IGD=52.507142371300304
HV=0.0
EP=52.0
SPREAD=1.510532181133686
GSPREAD=0.9478550130320023
IGD+=52.507142371300304
GD=7.465403197280049
TIME=2850.276591062546
