#saving the metrics
#Thu Jan 09 03:01:41 CST 2020
ER=1.0
IGD=13.19090595827292
HV=0.0
EP=10.0
SPREAD=1.5400204894853289
GSPREAD=0.7595729734521081
IGD+=13.19090595827292
GD=6.898440456046829
TIME=3139.1401748657227
