#saving the metrics
#Wed Jan 08 13:02:00 CST 2020
ER=1.0
IGD=42.555845661906424
HV=0.0
EP=41.0
SPREAD=1.3968112348442416
GSPREAD=0.889001299607723
IGD+=42.555845661906424
GD=5.9943737793703455
TIME=2623.0263969898224
