#saving the metrics
#Wed Jan 08 20:06:43 CST 2020
ER=1.0
IGD=10.04987562112089
HV=0.0
EP=7.0
SPREAD=1.3121825712310575
GSPREAD=1.3507964050838046
IGD+=10.04987562112089
GD=2.135861597085533
TIME=2435.368697166443
