#saving the metrics
#Wed Jan 08 20:58:29 CST 2020
ER=1.0
IGD=74.79304780526061
HV=0.0
EP=73.0
SPREAD=1.2522647564091727
GSPREAD=0.8495709101382437
IGD+=74.79304780526061
GD=10.888288659471367
TIME=3105.6823382377625
