#saving the metrics
#Wed Jan 08 19:26:06 CST 2020
ER=1.0
IGD=72.3118247591637
HV=0.0
EP=72.0
SPREAD=1.2976278585338297
GSPREAD=1.4459791805536377
IGD+=72.3118247591637
GD=10.194009178397463
TIME=3068.2824771404266
