#saving the metrics
#Thu Jan 09 07:15:46 CST 2020
ER=1.0
IGD=28.722813232690143
HV=0.0
EP=28.0
SPREAD=1.2043956131361506
GSPREAD=0.7832918852738696
IGD+=28.722813232690143
GD=4.051505137297869
TIME=2740.5049426555634
