#saving the metrics
#Thu Jan 09 05:34:48 CST 2020
ER=1.0
IGD=11.489125293076057
HV=0.0
EP=9.0
SPREAD=1.3004338571840757
GSPREAD=1.3515221712937522
IGD+=11.489125293076057
GD=6.185829758077599
TIME=3087.292984485626
