#saving the metrics
#Wed Jan 08 15:14:41 CST 2020
ER=1.0
IGD=67.80855403265875
HV=0.0
EP=67.0
SPREAD=1.5923841658699336
GSPREAD=0.7418151394306266
IGD+=67.80855403265875
GD=9.397978264757405
TIME=2585.772888660431
