#saving the metrics
#Wed Jan 08 18:34:57 CST 2020
ER=1.0
IGD=37.107950630558946
HV=0.0
EP=36.0
SPREAD=1.3195234483089424
GSPREAD=0.6747032387904417
IGD+=37.107950630558946
GD=7.036806377251665
TIME=3151.2612841129303
