#saving the metrics
#Wed Jan 08 23:30:32 CST 2020
ER=1.0
IGD=30.23243291566195
HV=0.0
EP=29.0
SPREAD=1.4706342579414293
GSPREAD=0.5813295513313685
IGD+=30.23243291566195
GD=6.844909722972704
TIME=3278.794370174408
