#saving the metrics
#Thu Jan 09 01:18:15 CST 2020
ER=1.0
IGD=53.94441583704471
HV=0.0
EP=53.0
SPREAD=1.2679600189910787
GSPREAD=0.7333540883236966
IGD+=53.94441583704471
GD=8.811423218658947
TIME=3028.2234292030334
