#saving the metrics
#Thu Jan 09 06:30:05 CST 2020
ER=1.0
IGD=78.66384175718855
HV=0.0
EP=78.0
SPREAD=1.2916699145359383
GSPREAD=0.842005299979111
IGD+=78.66384175718855
GD=11.031017904485076
TIME=3316.413758993149
