#saving the metrics
#Thu Jan 09 09:49:54 CST 2020
ER=1.0
IGD=44.19275958796871
HV=0.0
EP=43.0
SPREAD=1.1911118030948806
GSPREAD=1.2395976667084063
IGD+=44.19275958796871
GD=5.749652459180515
TIME=3061.838111639023
