#saving the metrics
#Wed Jan 08 21:48:21 CST 2020
ER=1.0
IGD=53.23532661682466
HV=0.0
EP=53.0
SPREAD=1.0127486139893234
GSPREAD=0.518192105571303
IGD+=53.23532661682466
GD=5.242924181051445
TIME=2991.1683740615845
