#saving the metrics
#Wed Jan 08 14:31:35 CST 2020
ER=1.0
IGD=66.16645675869307
HV=0.0
EP=63.0
SPREAD=1.3395699388408433
GSPREAD=1.0385758824042801
IGD+=66.16645675869307
GD=8.084962666283175
TIME=2692.253264904022
