#saving the metrics
#Wed Jan 08 13:46:42 CST 2020
ER=1.0
IGD=87.14355971613737
HV=0.0
EP=84.0
SPREAD=1.396009576996539
GSPREAD=1.2217598029748198
IGD+=87.14355971613737
GD=10.588686042604321
TIME=2680.9179871082306
