#saving the metrics
#Thu Jan 09 00:27:46 CST 2020
ER=1.0
IGD=42.15447781671598
HV=0.0
EP=39.0
SPREAD=1.2778356957571535
GSPREAD=1.0120302411444866
IGD+=42.15447781671598
GD=6.178948974610407
TIME=3432.854129076004
