#saving the metrics
#Wed Jan 08 12:18:16 CST 2020
ER=1.0
IGD=53.68426212587819
HV=0.0
EP=53.0
SPREAD=1.2471987933724284
GSPREAD=1.4808271843851646
IGD+=53.68426212587819
GD=8.499827929430806
TIME=2285.815328836441
