#saving the metrics
#Thu Jan 09 08:08:30 CST 2020
ER=1.0
IGD=79.85612061701971
HV=0.0
EP=76.0
SPREAD=1.478380238963463
GSPREAD=0.8181783142690664
IGD+=79.85612061701971
GD=9.44598680216454
TIME=3162.6227333545685
