#saving the metrics
#Thu Jan 09 08:58:51 CST 2020
ER=1.0
IGD=80.0812087820857
HV=0.0
EP=80.0
SPREAD=1.318281842146561
GSPREAD=0.9338129916129172
IGD+=80.0812087820857
GD=9.32747629634924
TIME=3020.1956536769867
