#saving the metrics
#Wed Jan 08 10:56:14 CST 2020
ER=1.0
IGD=63.0
HV=0.0
EP=61.0
SPREAD=1.262287215745199
GSPREAD=0.9959298730506619
IGD+=63.0
GD=10.435531489115322
TIME=2513.3886036872864
