#saving the metrics
#Thu Jan 09 02:09:21 CST 2020
ER=1.0
IGD=61.59545437773797
HV=0.0
EP=60.0
SPREAD=1.4104817170181534
GSPREAD=0.8268815100971529
IGD+=61.59545437773797
GD=10.03022642699908
TIME=3065.4196076393127
