#saving the metrics
#Wed Jan 08 11:40:09 CST 2020
ER=1.0
IGD=49.07137658554119
HV=0.0
EP=48.0
SPREAD=1.4062655576760434
GSPREAD=0.9059383028298373
IGD+=49.07137658554119
GD=9.017493706333493
TIME=2634.1138701438904
