#saving the metrics
#Wed Jan 08 16:00:43 CST 2020
ER=1.0
IGD=58.06031346797914
HV=0.0
EP=57.0
SPREAD=1.3344917731763788
GSPREAD=0.9120975992730339
IGD+=58.06031346797914
GD=10.04900915682803
TIME=2760.8327481746674
