#saving the metrics
#Wed Jan 08 17:42:25 CST 2020
ER=1.0
IGD=46.850827100489916
HV=0.0
EP=43.0
SPREAD=1.2373878384047123
GSPREAD=1.4874532019553517
IGD+=46.850827100489916
GD=7.203066870132535
TIME=2891.793298959732
