#saving the metrics
#Thu Jan 09 04:43:19 CST 2020
ER=1.0
IGD=65.85590330410783
HV=0.0
EP=61.0
SPREAD=1.174580990999412
GSPREAD=0.9630070516260358
IGD+=65.85590330410783
GD=7.923008201239988
TIME=3089.8753991127014
