#saving the metrics
#Thu Jan 09 03:51:49 CST 2020
ER=1.0
IGD=38.28837943815329
HV=0.0
EP=35.0
SPREAD=1.3935268933373217
GSPREAD=0.6896488361147332
IGD+=38.28837943815329
GD=9.089242601326012
TIME=3006.2929425239563
