#saving the metrics
#Wed Jan 08 16:54:12 CST 2020
ER=1.0
IGD=67.48333127521195
HV=0.0
EP=67.0
SPREAD=1.29269826888813
GSPREAD=0.9388101636856503
IGD+=67.48333127521195
GD=8.692916813192706
TIME=3207.8116579055786
