#saving the metrics
#Fri Jan 11 02:09:22 CST 2019
ER=1.0
IGD=4.123105625617661
HV=0.0
EP=3.0
SPREAD=1.238294158758995
GSPREAD=0.6524630111667021
IGD+=4.123105625617661
GD=1.2053922687415703
TIME=280.2472596168518
