#saving the metrics
#Tue Jan 01 14:23:50 CST 2019
ER=1.0
IGD=3.0
HV=0.0
EP=2.0
SPREAD=1.4059548163305693
GSPREAD=1.0691862252361217
IGD+=3.0
GD=0.8815056177898195
TIME=266.8546669483185
