#saving the metrics
#Tue Jan 01 16:17:07 CST 2019
ER=1.0
IGD=5.385164807134504
HV=0.0
EP=4.0
SPREAD=1.2246171799659695
GSPREAD=0.4770003375566228
IGD+=5.385164807134504
GD=2.158860873726893
TIME=289.7285032272339
