#saving the metrics
#Fri Jan 11 01:11:12 CST 2019
ER=0.3047619047619048
IGD=0.0
HV=1.0
EP=0.0
SPREAD=1.4787550775535434
GSPREAD=1.3472715480855362
IGD+=0.0
GD=0.9802586543757
TIME=279.5844917297363
