#saving the metrics
#Fri Jan 11 01:24:24 CST 2019
ER=1.0
IGD=1.4142135623730951
HV=0.0
EP=1.0
SPREAD=1.2689126533733723
GSPREAD=0.24346162536385862
IGD+=1.4142135623730951
GD=0.8919900551594739
TIME=262.12910413742065
