#saving the metrics
#Tue Jan 01 14:14:56 CST 2019
ER=1.0
IGD=3.605551275463989
HV=0.0
EP=3.0
SPREAD=1.3078418801691458
GSPREAD=0.3886036571414312
IGD+=3.605551275463989
GD=1.278817480979934
TIME=297.8761386871338
