#saving the metrics
#Fri Jan 11 00:43:06 CST 2019
ER=1.0
IGD=5.385164807134504
HV=0.0
EP=4.0
SPREAD=1.261417754600984
GSPREAD=0.8171239558701499
IGD+=5.385164807134504
GD=1.4612764277117254
TIME=291.60446095466614
