#saving the metrics
#Fri Jan 11 01:29:01 CST 2019
ER=1.0
IGD=4.58257569495584
HV=0.0
EP=4.0
SPREAD=1.430080137821491
GSPREAD=0.8963798537576428
IGD+=4.58257569495584
GD=0.7764095513214788
TIME=276.7489845752716
