#saving the metrics
#Fri Jan 11 01:46:33 CST 2019
ER=1.0
IGD=2.23606797749979
HV=0.0
EP=2.0
SPREAD=1.2475894041070108
GSPREAD=0.3803883059338693
IGD+=2.23606797749979
GD=0.8999370096374483
TIME=259.57025837898254
