#saving the metrics
#Tue Jan 01 15:40:05 CST 2019
ER=1.0
IGD=3.3166247903554
HV=0.0
EP=3.0
SPREAD=1.3383832000983935
GSPREAD=1.0452316071348113
IGD+=3.3166247903554
GD=1.375457046282362
TIME=273.6776990890503
