#saving the metrics
#Tue Jan 01 15:17:59 CST 2019
ER=1.0
IGD=2.449489742783178
HV=0.0
EP=2.0
SPREAD=1.3770595919551827
GSPREAD=1.3294200107277445
IGD+=2.449489742783178
GD=1.2630093997133087
TIME=303.7327411174774
