#saving the metrics
#Tue Jan 01 16:26:07 CST 2019
ER=1.0
IGD=1.4142135623730951
HV=0.0
EP=1.0
SPREAD=1.526448297949146
GSPREAD=0.05331042865941327
IGD+=1.4142135623730951
GD=0.44599502757973697
TIME=244.74587750434875
