#saving the metrics
#Tue Jan 01 15:35:31 CST 2019
ER=1.0
IGD=5.196152422706632
HV=0.0
EP=4.0
SPREAD=1.319463001307618
GSPREAD=0.3866526083308121
IGD+=5.196152422706632
GD=1.3973087186906115
TIME=293.6890232563019
