#saving the metrics
#Tue Jan 01 14:57:58 CST 2019
ER=1.0
IGD=4.898979485566356
HV=0.0
EP=4.0
SPREAD=1.3007311251017342
GSPREAD=0.8969215513560334
IGD+=4.898979485566356
GD=1.6945959190314916
TIME=345.7243962287903
