#saving the metrics
#Fri Jan 11 00:38:14 CST 2019
ER=1.0
IGD=3.7416573867739413
HV=0.0
EP=3.0
SPREAD=1.251382377228856
GSPREAD=1.031097440784319
IGD+=3.7416573867739413
GD=1.969725512375851
TIME=284.11757946014404
