#saving the metrics
#Tue Jan 01 15:30:36 CST 2019
ER=1.0
IGD=1.0
HV=0.0
EP=1.0
SPREAD=1.4319461563141311
GSPREAD=0.5665368027378663
IGD+=1.0
GD=0.8970599496622184
TIME=243.05535674095154
