#saving the metrics
#Fri Jan 11 01:06:32 CST 2019
ER=1.0
IGD=2.0
HV=0.0
EP=2.0
SPREAD=1.3808275774496725
GSPREAD=1.115410712746209
IGD+=2.0
GD=0.88535579022416
TIME=234.7001669406891
