#saving the metrics
#Tue Jan 01 14:28:58 CST 2019
ER=1.0
IGD=1.4142135623730951
HV=0.0
EP=1.0
SPREAD=1.4243314059797159
GSPREAD=0.6157998661142422
IGD+=1.4142135623730951
GD=0.5194624816493197
TIME=307.29220628738403
