#saving the metrics
#Fri Jan 11 01:55:41 CST 2019
ER=1.0
IGD=4.0
HV=0.0
EP=4.0
SPREAD=1.4267579779269108
GSPREAD=1.0774558774558771
IGD+=4.0
GD=0.8711553045386627
TIME=309.19927763938904
