#saving the metrics
#Tue Jan 01 14:39:12 CST 2019
ER=1.0
IGD=6.164414002968976
HV=0.0
EP=5.0
SPREAD=1.215192279727574
GSPREAD=0.6989621389092474
IGD+=6.164414002968976
GD=1.6581004348814927
TIME=351.8416795730591
