#saving the metrics
#Tue Jan 01 15:12:55 CST 2019
ER=1.0
IGD=4.58257569495584
HV=0.0
EP=4.0
SPREAD=1.3086498994141047
GSPREAD=0.8459219921348625
IGD+=4.58257569495584
GD=1.837478307521546
TIME=318.0608170032501
