#saving the metrics
#Fri Jan 11 02:00:36 CST 2019
ER=1.0
IGD=2.23606797749979
HV=0.0
EP=2.0
SPREAD=1.2951164401804303
GSPREAD=0.2900175991030931
IGD+=2.23606797749979
GD=0.9968203417119826
TIME=294.9493553638458
