#saving the metrics
#Tue Jan 01 16:22:02 CST 2019
ER=1.0
IGD=3.7416573867739413
HV=0.0
EP=3.0
SPREAD=1.2232326978111996
GSPREAD=0.784079028099429
IGD+=3.7416573867739413
GD=1.1267918458817396
TIME=294.44003200531006
