#saving the metrics
#Tue Jan 01 15:07:36 CST 2019
ER=1.0
IGD=3.0
HV=0.0
EP=2.0
SPREAD=1.2924587083126575
GSPREAD=0.6412326488753071
IGD+=3.0
GD=1.1615924638849011
TIME=281.13060569763184
