#saving the metrics
#Tue Jan 01 14:19:22 CST 2019
ER=1.0
IGD=3.3166247903554
HV=0.0
EP=2.0
SPREAD=1.2751788496733913
GSPREAD=0.2613056820214238
IGD+=3.3166247903554
GD=0.8019816725927116
TIME=265.1842293739319
