#saving the metrics
#Fri Jan 11 00:57:24 CST 2019
ER=1.0
IGD=3.0
HV=0.0
EP=2.0
SPREAD=1.27176043355438
GSPREAD=0.7644834994845193
IGD+=3.0
GD=1.0915881209734468
TIME=315.6083228588104
