#saving the metrics
#Tue Jan 01 15:02:54 CST 2019
ER=1.0
IGD=3.0
HV=0.0
EP=2.0
SPREAD=1.358954401850064
GSPREAD=0.20453906963936894
IGD+=3.0
GD=1.0898833905462832
TIME=294.63254261016846
