#saving the metrics
#Fri Jan 11 02:04:41 CST 2019
ER=1.0
IGD=3.0
HV=0.0
EP=2.0
SPREAD=1.2945601109107745
GSPREAD=0.5037013774647124
IGD+=3.0
GD=0.8666143364630343
TIME=244.0770993232727
