#saving the metrics
#Tue Jan 01 15:49:21 CST 2019
ER=1.0
IGD=4.0
HV=0.0
EP=4.0
SPREAD=1.3328941964964247
GSPREAD=0.2033349404485282
IGD+=4.0
GD=0.9983205852478978
TIME=281.63297152519226
