#saving the metrics
#Fri Jan 11 00:52:07 CST 2019
ER=1.0
IGD=7.874007874011811
HV=0.0
EP=6.0
SPREAD=1.2930859693083963
GSPREAD=1.2694259869509465
IGD+=7.874007874011811
GD=1.9993876613623889
TIME=304.9539613723755
