#saving the metrics
#Tue Jan 01 16:12:16 CST 2019
ER=1.0
IGD=3.0
HV=0.0
EP=2.0
SPREAD=1.2497116575890268
GSPREAD=0.4205082121681027
IGD+=3.0
GD=1.6712047062128648
TIME=314.34594893455505
