#saving the metrics
#Tue Jan 01 15:44:39 CST 2019
ER=1.0
IGD=1.4142135623730951
HV=0.0
EP=1.0
SPREAD=1.3435422165941444
GSPREAD=0.39125859382339534
IGD+=1.4142135623730951
GD=0.8091315576289312
TIME=273.1163218021393
