#saving the metrics
#Fri Jan 11 02:25:09 CST 2019
ER=1.0
IGD=3.3166247903554
HV=0.0
EP=3.0
SPREAD=1.3148335834281333
GSPREAD=0.4521929445482845
IGD+=3.3166247903554
GD=1.7639627620361888
TIME=291.4299976825714
