#saving the metrics
#Tue Jan 01 15:22:06 CST 2019
ER=1.0
IGD=2.23606797749979
HV=0.0
EP=2.0
SPREAD=1.2465503120757773
GSPREAD=0.6860068954820114
IGD+=2.23606797749979
GD=1.6739974831809472
TIME=245.92899656295776
