#saving the metrics
#Tue Jan 01 14:43:56 CST 2019
ER=1.0
IGD=4.123105625617661
HV=0.0
EP=3.0
SPREAD=1.1816547622047353
GSPREAD=0.46560561513528387
IGD+=4.123105625617661
GD=1.0176225014982498
TIME=283.3585605621338
