#saving the metrics
#Tue Jan 01 16:03:07 CST 2019
ER=1.0
IGD=2.449489742783178
HV=0.0
EP=2.0
SPREAD=1.2422170041564686
GSPREAD=0.41561581639922285
IGD+=2.449489742783178
GD=0.7762342961630093
TIME=246.4333300590515
