meanHV: 	1.0	0.7666688453159042
meanET: 	66.45190289815267	127.43743232885997
p__Val: 	2.2867943939058077e-12	1.5099296795810785e-11
