#saving the metrics
#Tue Jan 22 11:04:00 CST 2019
ER=1.0
IGD=77.30459236035075
HV=0.0
EP=74.0
SPREAD=1.2356840320272147
GSPREAD=0.9787750849623427
IGD+=77.30459236035075
GD=10.910354149357348
TIME=1357.2573418617249
