#saving the metrics
#Tue Jan 22 05:57:12 CST 2019
ER=1.0
IGD=72.13875518748573
HV=0.0
EP=66.0
SPREAD=1.2071651745450238
GSPREAD=1.0377311936270075
IGD+=72.13875518748573
GD=8.986868727416102
TIME=1446.6209833621979
