#saving the metrics
#Tue Jan 22 02:39:32 CST 2019
ER=1.0
IGD=37.013511046643494
HV=0.0
EP=30.0
SPREAD=1.297543921363387
GSPREAD=1.28754707554098
IGD+=37.013511046643494
GD=7.373212531763122
TIME=1197.9647386074066
