#saving the metrics
#Tue Jan 22 03:02:17 CST 2019
ER=1.0
IGD=53.51635264103861
HV=0.0
EP=51.0
SPREAD=1.2134089780210675
GSPREAD=0.923283651377834
IGD+=53.51635264103861
GD=7.568552913026302
TIME=1364.2890393733978
