#saving the metrics
#Tue Jan 22 04:49:31 CST 2019
ER=1.0
IGD=60.95079983068311
HV=0.0
EP=58.0
SPREAD=1.251745577191092
GSPREAD=1.1482453720201837
IGD+=60.95079983068311
GD=8.824198845264705
TIME=1343.94393658638
