#saving the metrics
#Tue Jan 22 11:48:58 CST 2019
ER=1.0
IGD=60.778285596090974
HV=0.0
EP=57.0
SPREAD=1.2355026185912985
GSPREAD=1.095652073421045
IGD+=60.778285596090974
GD=10.027671465067943
TIME=1352.9438712596893
