#saving the metrics
#Tue Jan 22 07:46:46 CST 2019
ER=1.0
IGD=50.00999900019995
HV=0.0
EP=47.0
SPREAD=1.2344202323447298
GSPREAD=0.7910677874699747
IGD+=50.00999900019995
GD=7.077292742451613
TIME=1257.335619688034
