#saving the metrics
#Tue Jan 22 03:22:01 CST 2019
ER=1.0
IGD=34.66987164671943
HV=0.0
EP=32.0
SPREAD=1.276457243010421
GSPREAD=1.1905385535646162
IGD+=34.66987164671943
GD=6.7686217476537855
TIME=1183.030021905899
