#saving the metrics
#Tue Jan 22 05:33:05 CST 2019
ER=1.0
IGD=49.90991885387112
HV=0.0
EP=43.0
SPREAD=1.2150888109045406
GSPREAD=1.2773172127493577
IGD+=49.90991885387112
GD=7.3604138205658876
TIME=1285.0443015098572
