#saving the metrics
#Tue Jan 22 01:18:25 CST 2019
ER=1.0
IGD=49.4368283772331
HV=0.0
EP=42.0
SPREAD=1.2652676190435572
GSPREAD=0.9711705363372255
IGD+=49.4368283772331
GD=10.016983310784045
TIME=1276.253930091858
