#saving the metrics
#Tue Jan 22 10:19:15 CST 2019
ER=1.0
IGD=33.76388603226827
HV=0.0
EP=31.0
SPREAD=1.2842308401853741
GSPREAD=1.119931751134775
IGD+=33.76388603226827
GD=6.871598519496896
TIME=1255.6331226825714
