#saving the metrics
#Wed Jan 23 04:42:53 CST 2019
ER=1.0
IGD=84.22588675698226
HV=0.0
EP=78.0
SPREAD=1.0823764942294987
GSPREAD=1.0425349727869835
IGD+=84.22588675698226
GD=11.041496661507312
TIME=917.1509721279144
