#saving the metrics
#Wed Jan 23 05:40:45 CST 2019
ER=1.0
IGD=67.7126280689208
HV=0.0
EP=64.0
SPREAD=1.1232450438855384
GSPREAD=0.8886614730312014
IGD+=67.7126280689208
GD=9.275589107328
TIME=856.1457402706146
