#saving the metrics
#Wed Jan 23 01:50:31 CST 2019
ER=1.0
IGD=63.788713735268246
HV=0.0
EP=61.0
SPREAD=1.1319734906993182
GSPREAD=0.8532952351768215
IGD+=63.788713735268246
GD=8.652505437163045
TIME=813.0702183246613
