#saving the metrics
#Wed Jan 23 03:43:48 CST 2019
ER=1.0
IGD=67.09694478886502
HV=0.0
EP=59.0
SPREAD=1.140552531235245
GSPREAD=0.8626802371771772
IGD+=67.09694478886502
GD=9.788831620259689
TIME=844.4345984458923
