#saving the metrics
#Wed Jan 23 05:12:39 CST 2019
ER=1.0
IGD=69.60603422117941
HV=0.0
EP=65.0
SPREAD=1.0577389139126296
GSPREAD=0.8732519855670632
IGD+=69.60603422117941
GD=9.993911978999561
TIME=832.3184056282043
