#saving the metrics
#Wed Jan 23 03:29:42 CST 2019
ER=1.0
IGD=70.46985170979147
HV=0.0
EP=62.0
SPREAD=1.1400567889017388
GSPREAD=0.8554160700645238
IGD+=70.46985170979147
GD=10.740518151315149
TIME=870.8969016075134
