#saving the metrics
#Wed Jan 23 06:09:50 CST 2019
ER=1.0
IGD=90.515192095029
HV=0.0
EP=86.0
SPREAD=1.1024394269828923
GSPREAD=0.8354943542092507
IGD+=90.515192095029
GD=11.255555443631879
TIME=887.7618157863617
