#saving the metrics
#Wed Jan 23 06:53:37 CST 2019
ER=1.0
IGD=57.67148342118486
HV=0.0
EP=48.0
SPREAD=1.137421081765701
GSPREAD=0.9204402076797898
IGD+=57.67148342118486
GD=11.00920249984256
TIME=851.0251247882843
