#saving the metrics
#Wed Jan 23 01:36:57 CST 2019
ER=1.0
IGD=80.30566605165541
HV=0.0
EP=74.0
SPREAD=1.060944889117711
GSPREAD=0.8373446530195825
IGD+=80.30566605165541
GD=11.022545438169349
TIME=859.5297405719757
