#saving the metrics
#Wed Jan 23 05:26:28 CST 2019
ER=1.0
IGD=57.83597496368502
HV=0.0
EP=50.0
SPREAD=1.1990423504314864
GSPREAD=0.9689354058431804
IGD+=57.83597496368502
GD=10.7129268979625
TIME=828.0049064159393
