#saving the metrics
#Wed Jan 23 06:24:29 CST 2019
ER=1.0
IGD=76.34788798650555
HV=0.0
EP=73.0
SPREAD=1.1351064283525765
GSPREAD=0.8623852795464625
IGD+=76.34788798650555
GD=10.927885651271074
TIME=878.2084400653839
