#saving the metrics
#Wed Jan 23 02:04:05 CST 2019
ER=1.0
IGD=46.151923036857305
HV=0.0
EP=37.0
SPREAD=1.1131941146125028
GSPREAD=0.9268336025911567
IGD+=46.151923036857305
GD=9.616449436940988
TIME=813.2386386394501
