#saving the metrics
#Wed Jan 23 04:13:20 CST 2019
ER=1.0
IGD=62.49799996799898
HV=0.0
EP=57.0
SPREAD=1.0593597534808812
GSPREAD=0.7711754168633571
IGD+=62.49799996799898
GD=9.657349485908156
TIME=810.9796311855316
