#saving the metrics
#Wed Jan 23 00:39:02 CST 2019
ER=1.0
IGD=77.82673062643708
HV=0.0
EP=68.0
SPREAD=1.1018532476173755
GSPREAD=1.4124118025281995
IGD+=77.82673062643708
GD=11.594048046880722
TIME=830.0002107620239
