#saving the metrics
#Wed Jan 23 03:15:10 CST 2019
ER=1.0
IGD=69.23871749245504
HV=0.0
EP=64.0
SPREAD=1.1348120020293038
GSPREAD=0.8094639108208915
IGD+=69.23871749245504
GD=9.624387956510011
TIME=859.6239907741547
