#saving the metrics
#Wed Jan 23 03:00:50 CST 2019
ER=1.0
IGD=36.823905279043935
HV=0.0
EP=32.0
SPREAD=1.1203995985804485
GSPREAD=0.893717652469159
IGD+=36.823905279043935
GD=8.290989016167682
TIME=791.9259610176086
