#saving the metrics
#Wed Jan 16 05:53:27 CST 2019
ER=1.0
IGD=93.38629449764028
HV=0.0
EP=88.0
SPREAD=1.2299889879900496
GSPREAD=1.1319427057171916
IGD+=93.38629449764028
GD=11.35007966447913
TIME=1290.4456572532654
