#saving the metrics
#Wed Jan 16 07:41:31 CST 2019
ER=1.0
IGD=79.61155694998057
HV=0.0
EP=75.0
SPREAD=1.223095091236221
GSPREAD=0.8855262428833415
IGD+=79.61155694998057
GD=10.694334864120396
TIME=1294.8103053569794
