#saving the metrics
#Wed Jan 16 08:23:22 CST 2019
ER=1.0
IGD=80.0749648766704
HV=0.0
EP=76.0
SPREAD=1.2302590641109532
GSPREAD=0.8686883298097672
IGD+=80.0749648766704
GD=13.13467999587749
TIME=1255.907841682434
