#saving the metrics
#Wed Jan 16 06:57:38 CST 2019
ER=1.0
IGD=90.29396436085858
HV=0.0
EP=88.0
SPREAD=1.2141367193555106
GSPREAD=1.2822142632652023
IGD+=90.29396436085858
GD=11.26152118545407
TIME=1309.602599620819
