#saving the metrics
#Wed Jan 16 01:12:23 CST 2019
ER=1.0
IGD=79.17701686727027
HV=0.0
EP=75.0
SPREAD=1.2399795849020194
GSPREAD=0.8661937112310333
IGD+=79.17701686727027
GD=10.45368144637634
TIME=1212.4653248786926
