#saving the metrics
#Wed Jan 16 05:09:56 CST 2019
ER=1.0
IGD=69.32532004974806
HV=0.0
EP=65.0
SPREAD=1.266867260336075
GSPREAD=0.9014890340934412
IGD+=69.32532004974806
GD=9.040618845833855
TIME=1192.8301088809967
