#saving the metrics
#Wed Jan 16 09:09:15 CST 2019
ER=1.0
IGD=130.52202879207786
HV=0.0
EP=116.0
SPREAD=1.1917110336138772
GSPREAD=0.8865737337884501
IGD+=130.52202879207786
GD=17.15196318996287
TIME=1420.6950356960297
