#saving the metrics
#Wed Jan 16 02:59:32 CST 2019
ER=1.0
IGD=89.29165694509202
HV=0.0
EP=84.0
SPREAD=1.2683030484979052
GSPREAD=0.9866295729896144
IGD+=89.29165694509202
GD=12.982744522203237
TIME=1337.0014753341675
