#saving the metrics
#Wed Jan 16 08:02:26 CST 2019
ER=1.0
IGD=82.05485969764375
HV=0.0
EP=77.0
SPREAD=1.2064649444557658
GSPREAD=1.0981161068231813
IGD+=82.05485969764375
GD=10.592158996141745
TIME=1253.6979489326477
