#saving the metrics
#Wed Jan 16 06:14:09 CST 2019
ER=1.0
IGD=74.73285756613352
HV=0.0
EP=70.0
SPREAD=1.2290953131148639
GSPREAD=1.0556758473956642
IGD+=74.73285756613352
GD=11.117871866051164
TIME=1241.748169183731
