#saving the metrics
#Wed Jan 16 10:37:30 CST 2019
ER=1.0
IGD=82.58934555982388
HV=0.0
EP=78.0
SPREAD=1.272922719321693
GSPREAD=1.0067054335962653
IGD+=82.58934555982388
GD=12.033294702860712
TIME=1313.740646123886
