#saving the metrics
#Wed Jan 16 04:06:19 CST 2019
ER=1.0
IGD=111.66915420114903
HV=0.0
EP=103.0
SPREAD=1.199261535922465
GSPREAD=0.972368843897521
IGD+=111.66915420114903
GD=14.750342630249325
TIME=1405.0434465408325
