#saving the metrics
#Wed Jan 16 05:31:56 CST 2019
ER=1.0
IGD=93.72833082905083
HV=0.0
EP=89.0
SPREAD=1.2546088130781359
GSPREAD=0.9170373690980896
IGD+=93.72833082905083
GD=13.101023830099136
TIME=1318.7469310760498
