#saving the metrics
#Wed Jan 16 02:37:14 CST 2019
ER=1.0
IGD=75.2994023880668
HV=0.0
EP=68.0
SPREAD=1.2246642680244055
GSPREAD=1.305245970149893
IGD+=75.2994023880668
GD=10.894043391041532
TIME=1249.3052670955658
