#saving the metrics
#Wed Jan 16 08:45:34 CST 2019
ER=1.0
IGD=95.81753492967766
HV=0.0
EP=91.0
SPREAD=1.271700720704224
GSPREAD=1.0598196798651167
IGD+=95.81753492967766
GD=15.261618747784295
TIME=1330.1652975082397
