#saving the metrics
#Wed Jan 16 00:30:16 CST 2019
ER=1.0
IGD=65.85590330410783
HV=0.0
EP=56.0
SPREAD=1.242035912047528
GSPREAD=1.0234457832174404
IGD+=65.85590330410783
GD=11.310733769862077
TIME=1208.9138526916504
