#saving the metrics
#Wed Jan 16 03:42:53 CST 2019
ER=1.0
IGD=87.02873088813831
HV=0.0
EP=79.0
SPREAD=1.1567056674296294
GSPREAD=0.8566498625864002
IGD+=87.02873088813831
GD=12.18265001759663
TIME=1308.204924583435
