meanHV: 	0.9995396918275793	0.7865873480267863
meanET: 	141.09498981634775	543.8419780492783
p__Val: 	1.475275483893719e-11	1.5099296795810785e-11
