#saving the metrics
#Tue Jan 01 07:16:29 CST 2019
ER=1.0
IGD=0.09487917375888517
HV=0.41769547325102885
EP=0.2222222222222222
SPREAD=1.5589338083936688
GSPREAD=0.027995163579354134
IGD+=0.16456202809949394
GD=0.035710779729398
TIME=89.06284523010254
