#saving the metrics
#Tue Jan 01 07:10:30 CST 2019
ER=0.8461538461538461
IGD=0.02618914004394621
HV=0.6358024691358024
EP=0.11111111111111105
SPREAD=1.3398058252427192
GSPREAD=0.02634937795564092
IGD+=0.018518518518518507
GD=0.03636404364341348
TIME=89.00970339775085
