#saving the metrics
#Tue Jan 01 06:40:45 CST 2019
ER=0.8269230769230769
IGD=0.1189373386913438
HV=0.5946502057613169
EP=0.1111111111111111
SPREAD=1.5145631067961165
GSPREAD=0.05913138217292859
IGD+=0.04470765856246472
GD=0.03709819558764886
TIME=88.92347455024719
