#saving the metrics
#Tue Jan 01 07:03:02 CST 2019
ER=0.8365384615384616
IGD=0.07746852097537736
HV=0.5576131687242799
EP=0.11111111111111116
SPREAD=1.5145631067961187
GSPREAD=0.02205278382228733
IGD+=0.07089679860641092
GD=0.04330548760579326
TIME=88.4171245098114
