#saving the metrics
#Tue Jan 01 07:07:31 CST 2019
ER=0.8942307692307693
IGD=0.16090877034243303
HV=0.537037037037037
EP=0.2222222222222222
SPREAD=1.6504854368932023
GSPREAD=0.05052300306207831
IGD+=0.08611632481246083
GD=0.03637581257742141
TIME=89.102952003479
