#saving the metrics
#Tue Jan 01 06:55:36 CST 2019
ER=0.8557692307692307
IGD=0.16090877034243303
HV=0.537037037037037
EP=0.2222222222222222
SPREAD=1.6504854368932032
GSPREAD=0.05052300306207835
IGD+=0.08611632481246083
GD=0.03892248126484375
TIME=88.75703167915344
