#saving the metrics
#Tue Jan 01 06:46:42 CST 2019
ER=0.7788461538461539
IGD=0.07746852097537736
HV=0.5637860082304527
EP=0.11111111111111116
SPREAD=1.5339805825242732
GSPREAD=0.022052783822287345
IGD+=0.07089679860641092
GD=0.04262137661392884
TIME=88.6086642742157
