#saving the metrics
#Tue Jan 01 07:09:01 CST 2019
ER=1.0
IGD=0.0654728501098655
HV=0.5020576131687243
EP=0.11111111111111116
SPREAD=1.3534698189376977
GSPREAD=0.0667929035515468
IGD+=0.12645235416196646
GD=0.038424424163150506
TIME=89.71858739852905
