#saving the metrics
#Thu Jan 02 10:36:36 CST 2020
ER=0.9038461538461539
IGD=0.07406828681096325
HV=0.6909722222222222
EP=0.125
SPREAD=1.5728155339805787
GSPREAD=0.31630246803528683
IGD+=0.049999999999999975
GD=0.04062310343016435
TIME=89.24170804023743
