#saving the metrics
#Thu Jan 02 10:22:59 CST 2020
ER=0.7884615384615384
IGD=0.008333333333333326
HV=0.6892361111111113
EP=0.04166666666666663
SPREAD=1.5145631067961178
GSPREAD=0.31169404965606834
IGD+=0.008333333333333326
GD=0.037768784567272215
TIME=103.07270455360413
