#saving the metrics
#Thu Jan 02 10:18:16 CST 2020
ER=0.8557692307692307
IGD=0.02041241452319313
HV=0.6892361111111112
EP=0.08333333333333326
SPREAD=1.5728155339805814
GSPREAD=0.2830198402296221
IGD+=0.033333333333333305
GD=0.03793628385822376
TIME=88.56114768981934
