#saving the metrics
#Thu Jan 02 10:49:52 CST 2020
ER=0.7692307692307693
IGD=0.07120003121097943
HV=0.7065972222222222
EP=0.125
SPREAD=1.5728155339805823
GSPREAD=0.32054788793827504
IGD+=0.025
GD=0.04845934972502744
TIME=87.63504076004028
