#saving the metrics
#Thu Jan 02 10:24:36 CST 2020
ER=0.9038461538461539
IGD=0.05204164998665332
HV=0.6875
EP=0.125
SPREAD=1.5339805825242714
GSPREAD=0.25721024338380527
IGD+=0.049999999999999975
GD=0.04058554891708037
TIME=96.11044692993164
