#saving the metrics
#Thu Jan 02 10:21:15 CST 2020
ER=0.8076923076923077
IGD=0.07406828681096325
HV=0.6822916666666666
EP=0.125
SPREAD=1.6310679611650454
GSPREAD=0.29246185521044515
IGD+=0.049999999999999975
GD=0.03837379815848936
TIME=89.56526780128479
