#saving the metrics
#Thu Jan 02 10:46:56 CST 2020
ER=0.8846153846153846
IGD=0.07406828681096325
HV=0.6822916666666665
EP=0.125
SPREAD=1.6116504854368912
GSPREAD=0.305776613860218
IGD+=0.049999999999999975
GD=0.04697932451746223
TIME=89.26691102981567
