#saving the metrics
#Thu Jan 02 10:41:02 CST 2020
ER=0.7211538461538461
IGD=0.07120003121097943
HV=0.7065972222222222
EP=0.125
SPREAD=1.5728155339805825
GSPREAD=0.326193951492624
IGD+=0.025
GD=0.040281860141910514
TIME=88.86900568008423
