#saving the metrics
#Thu Jan 02 10:52:51 CST 2020
ER=0.9038461538461539
IGD=0.02041241452319313
HV=0.6892361111111112
EP=0.08333333333333326
SPREAD=1.5533980582524256
GSPREAD=0.23315559083220622
IGD+=0.033333333333333305
GD=0.04029978753759478
TIME=88.8098075389862
