#saving the metrics
#Thu Jan 02 11:14:49 CST 2020
ER=0.6826923076923077
IGD=0.0
HV=0.7048611111111112
EP=0.0
SPREAD=1.5533980582524265
GSPREAD=0.2738431160715333
IGD+=0.0
GD=0.04039526594396626
TIME=96.71081876754761
