#saving the metrics
#Thu Jan 02 10:33:37 CST 2020
ER=0.7019230769230769
IGD=0.0
HV=0.7065972222222222
EP=0.0
SPREAD=1.553398058252428
GSPREAD=0.3103475832240459
IGD+=0.0
GD=0.04328035825578973
TIME=87.83416247367859
