#saving the metrics
#Thu Jan 02 10:35:06 CST 2020
ER=0.6442307692307693
IGD=0.07120003121097943
HV=0.704861111111111
EP=0.125
SPREAD=1.5922330097087334
GSPREAD=0.2995150916191091
IGD+=0.025
GD=0.03942397265503146
TIME=87.84799027442932
