#saving the metrics
#Thu Jan 02 10:32:08 CST 2020
ER=0.6730769230769231
IGD=0.04859126579037751
HV=0.6996527777777778
EP=0.125
SPREAD=1.5922330097087405
GSPREAD=0.35591185247446794
IGD+=0.025
GD=0.03930776470003537
TIME=88.9626362323761
