#saving the metrics
#Thu Jan 02 10:30:38 CST 2020
ER=0.8173076923076923
IGD=0.01863389981249823
HV=0.6961805555555557
EP=0.08333333333333326
SPREAD=1.5339805825242707
GSPREAD=0.268175763185074
IGD+=0.024999999999999977
GD=0.03864472933265222
TIME=89.17653942108154
