#saving the metrics
#Thu Jan 02 10:19:44 CST 2020
ER=0.6538461538461539
IGD=0.0
HV=0.7065972222222222
EP=0.0
SPREAD=1.533980582524271
GSPREAD=0.2969842686929846
IGD+=0.0
GD=0.04046871013816167
TIME=87.0602560043335
