#saving the metrics
#Thu Jan 02 11:13:12 CST 2020
ER=0.7019230769230769
IGD=0.0
HV=0.7065972222222222
EP=0.0
SPREAD=1.5339805825242712
GSPREAD=0.2754743628234852
IGD+=0.0
GD=0.04154514144314868
TIME=88.45209884643555
