#saving the metrics
#Thu Jan 02 10:26:07 CST 2020
ER=0.8942307692307693
IGD=0.07772815877574014
HV=0.6944444444444445
EP=0.125
SPREAD=1.5728155339805858
GSPREAD=0.3470831419400049
IGD+=0.049999999999999975
GD=0.04568186206557733
TIME=90.84694910049438
