#saving the metrics
#Thu Jan 02 10:29:08 CST 2020
ER=0.875
IGD=0.02041241452319313
HV=0.6944444444444445
EP=0.08333333333333326
SPREAD=1.533980582524273
GSPREAD=0.26293832719973226
IGD+=0.033333333333333305
GD=0.03634589240397989
TIME=89.2764573097229
