#saving the metrics
#Thu Jan 02 10:39:32 CST 2020
ER=0.6634615384615384
IGD=0.0
HV=0.7013888888888888
EP=0.0
SPREAD=1.5922330097087365
GSPREAD=0.29183473630791873
IGD+=0.0
GD=0.042032953004917564
TIME=86.682785987854
