#saving the metrics
#Thu Jan 02 10:45:26 CST 2020
ER=0.7692307692307693
IGD=0.04859126579037751
HV=0.6805555555555556
EP=0.125
SPREAD=1.5145631067961147
GSPREAD=0.2558714155299021
IGD+=0.025
GD=0.04568537564955867
TIME=87.59682369232178
