#saving the metrics
#Thu Jan 02 10:51:21 CST 2020
ER=0.875
IGD=0.02041241452319313
HV=0.6961805555555556
EP=0.08333333333333326
SPREAD=1.4951456310679614
GSPREAD=0.28697164739483916
IGD+=0.033333333333333305
GD=0.043010638128172844
TIME=88.16995906829834
