#saving the metrics
#Thu Jan 02 10:27:38 CST 2020
ER=0.9038461538461539
IGD=0.07406828681096325
HV=0.6927083333333333
EP=0.125
SPREAD=1.5728155339805863
GSPREAD=0.31469779131792414
IGD+=0.049999999999999975
GD=0.042189231129407874
TIME=90.19427824020386
