#saving the metrics
#Thu Jan 02 11:10:14 CST 2020
ER=0.8846153846153846
IGD=0.07120003121097943
HV=0.6822916666666665
EP=0.125
SPREAD=1.4951456310679632
GSPREAD=0.2627910490144615
IGD+=0.05
GD=0.04951767485730891
TIME=92.92778134346008
