#saving the metrics
#Thu Jan 02 10:42:30 CST 2020
ER=0.6923076923076923
IGD=0.07120003121097943
HV=0.701388888888889
EP=0.125
SPREAD=1.592233009708739
GSPREAD=0.31136040125913733
IGD+=0.025
GD=0.04033760809681687
TIME=87.08403706550598
