#saving the metrics
#Thu Jan 02 10:48:24 CST 2020
ER=0.7115384615384616
IGD=0.0
HV=0.7048611111111112
EP=0.0
SPREAD=1.5533980582524254
GSPREAD=0.30763759008095665
IGD+=0.0
GD=0.03922805564500623
TIME=87.02722334861755
