#saving the metrics
#Thu Jan 02 10:43:58 CST 2020
ER=0.6538461538461539
IGD=0.0
HV=0.703125
EP=0.0
SPREAD=1.5339805825242723
GSPREAD=0.3025965463727373
IGD+=0.0
GD=0.04047862480870221
TIME=86.99760723114014
