#saving the metrics
#Thu Jan 02 11:16:23 CST 2020
ER=0.7019230769230769
IGD=0.0
HV=0.6979166666666667
EP=0.0
SPREAD=1.51456310679612
GSPREAD=0.2915237485750684
IGD+=0.0
GD=0.04282550854667571
TIME=92.99949669837952
