#saving the metrics
#Thu Jan 02 10:38:05 CST 2020
ER=0.7019230769230769
IGD=0.0
HV=0.6996527777777778
EP=0.0
SPREAD=1.5533980582524307
GSPREAD=0.31705289111157753
IGD+=0.0
GD=0.04105739831556706
TIME=88.1538770198822
