#saving the metrics
#Thu Jan 02 11:11:42 CST 2020
ER=0.7692307692307693
IGD=0.008333333333333326
HV=0.6875000000000001
EP=0.04166666666666663
SPREAD=1.4757281553398043
GSPREAD=0.26819789310924325
IGD+=0.008333333333333326
GD=0.041835825263482736
TIME=87.43542885780334
