#saving the metrics
#Thu Jan 02 11:08:40 CST 2020
ER=0.8557692307692307
IGD=0.07406828681096325
HV=0.689236111111111
EP=0.125
SPREAD=1.6116504854368918
GSPREAD=0.30373380524654037
IGD+=0.049999999999999975
GD=0.03995578305789898
TIME=948.6684539318085
