meanHV: 	1.0	0.9894444444444445
meanET: 	337.55841171741486	332.7459146420161
p__Val: 	0.08040106072011033	0.23667327862922477
