#saving the metrics
#Tue Jan 01 07:19:28 CST 2019
ER=0.8269230769230769
IGD=0.16090877034243303
HV=0.537037037037037
EP=0.2222222222222222
SPREAD=1.6504854368932027
GSPREAD=0.050523003062078325
IGD+=0.08611632481246083
GD=0.03631300085332766
TIME=89.53610372543335
