#saving the metrics
#Tue Jan 01 06:52:38 CST 2019
ER=0.7980769230769231
IGD=0.04721314364437763
HV=0.6131687242798354
EP=0.1111111111111111
SPREAD=1.3980582524271834
GSPREAD=0.012108837297895754
IGD+=0.03703703703703703
GD=0.03761381782539305
TIME=87.82154154777527
