#saving the metrics
#Tue Jan 01 07:17:58 CST 2019
ER=0.7980769230769231
IGD=0.08536615238234156
HV=0.6378600823045267
EP=0.11111111111111105
SPREAD=1.3980582524271863
GSPREAD=0.03038983145615553
IGD+=0.018518518518518507
GD=0.03803628871563653
TIME=88.58657789230347
