#saving the metrics
#Tue Jan 01 06:42:15 CST 2019
ER=0.7788461538461539
IGD=0.1189373386913438
HV=0.5925925925925926
EP=0.1111111111111111
SPREAD=1.5145631067961134
GSPREAD=0.06843272484999607
IGD+=0.04470765856246472
GD=0.036520650929780366
TIME=89.48496651649475
