#saving the metrics
#Tue Jan 01 07:12:00 CST 2019
ER=0.8653846153846154
IGD=0.060006858318591295
HV=0.6131687242798355
EP=0.1111111111111111
SPREAD=1.3980582524271832
GSPREAD=0.017978020624745232
IGD+=0.04470765856246472
GD=0.04247718681438266
TIME=88.71191191673279
