#saving the metrics
#Tue Jan 01 07:01:33 CST 2019
ER=0.7596153846153846
IGD=0.06000685831859131
HV=0.5946502057613169
EP=0.2222222222222222
SPREAD=1.4368932038834945
GSPREAD=0.050929696234967445
IGD+=0.05555555555555556
GD=0.03891148258862032
TIME=89.22828340530396
