#saving the metrics
#Tue Jan 01 06:54:06 CST 2019
ER=0.8365384615384616
IGD=0.08536615238234156
HV=0.6440329218106996
EP=0.11111111111111105
SPREAD=1.3786407766990265
GSPREAD=0.03038983145615554
IGD+=0.018518518518518507
GD=0.03835008781153327
TIME=88.15543246269226
