#saving the metrics
#Tue Jan 01 07:15:00 CST 2019
ER=0.8461538461538461
IGD=0.07746852097537736
HV=0.5576131687242798
EP=0.11111111111111116
SPREAD=1.553398058252429
GSPREAD=0.12460748702981232
IGD+=0.07089679860641092
GD=0.03610020444203623
TIME=88.51641464233398
