#saving the metrics
#Tue Jan 01 06:39:16 CST 2019
ER=0.7884615384615384
IGD=0.04721314364437763
HV=0.6090534979423868
EP=0.1111111111111111
SPREAD=1.398058252427184
GSPREAD=0.012108837297895728
IGD+=0.03703703703703703
GD=0.03466053033655627
TIME=87.82555270195007
