#saving the metrics
#Tue Jan 01 07:04:32 CST 2019
ER=0.8653846153846154
IGD=0.07465053470646806
HV=0.537037037037037
EP=0.11111111111111116
SPREAD=1.5533980582524274
GSPREAD=0.00952380952381121
IGD+=0.07089679860641092
GD=0.04036567411818924
TIME=89.55314779281616
