#saving the metrics
#Tue Jan 01 06:43:44 CST 2019
ER=0.7788461538461539
IGD=0.1189373386913438
HV=0.6008230452674898
EP=0.1111111111111111
SPREAD=1.5145631067961136
GSPREAD=0.040226497187019455
IGD+=0.04470765856246472
GD=0.037882180879255135
TIME=89.01772356033325
