#saving the metrics
#Tue Jan 01 06:58:33 CST 2019
ER=0.7692307692307693
IGD=0.026189140043946197
HV=0.6296296296296295
EP=0.1111111111111111
SPREAD=1.3398058252427165
GSPREAD=1.7850366065733E-15
IGD+=0.018518518518518517
GD=0.036485472898566636
TIME=87.55383205413818
