#saving the metrics
#Tue Jan 01 06:57:05 CST 2019
ER=0.8365384615384616
IGD=0.08536615238234156
HV=0.6152263374485597
EP=0.11111111111111105
SPREAD=1.4757281553398058
GSPREAD=0.0402330163652077
IGD+=0.018518518518518507
GD=0.03935628302648263
TIME=89.28643441200256
