#saving the metrics
#Tue Jan 01 07:06:02 CST 2019
ER=0.7884615384615384
IGD=0.1189373386913438
HV=0.5946502057613169
EP=0.1111111111111111
SPREAD=1.5145631067961156
GSPREAD=0.040226497187019435
IGD+=0.04470765856246472
GD=0.0353332172952002
TIME=89.23028612136841
