#saving the metrics
#Sun Jan 13 02:28:41 CST 2019
ER=1.0
IGD=1.0
HV=0.0
EP=1.0
SPREAD=1.5630374497578974
GSPREAD=0.019989577369486613
IGD+=1.0
GD=0.09805806756909201
TIME=305.76314091682434
