#saving the metrics
#Sun Jan 13 03:52:46 CST 2019
ER=1.0
IGD=1.4142135623730951
HV=0.0
EP=1.0
SPREAD=1.6045855221341145
GSPREAD=0.02803738317757025
IGD+=1.4142135623730951
GD=0.17625291134445537
TIME=301.02551436424255
