#saving the metrics
#Mon Jan 21 02:45:29 CST 2019
ER=1.0
IGD=25.92296279363144
HV=0.0
EP=20.0
SPREAD=1.1390559108989675
GSPREAD=0.813836993710685
IGD+=25.92296279363144
GD=6.475567196898041
TIME=202.72011971473694
