#saving the metrics
#Mon Jan 21 02:48:37 CST 2019
ER=1.0
IGD=28.337254630609507
HV=0.0
EP=21.0
SPREAD=1.2129906103500339
GSPREAD=0.6930060387987226
IGD+=28.337254630609507
GD=6.1605871852543554
TIME=187.42742371559143
