#saving the metrics
#Mon Jan 21 02:21:37 CST 2019
ER=1.0
IGD=21.42428528562855
HV=0.0
EP=17.0
SPREAD=1.2099022771425827
GSPREAD=1.2830327022703805
IGD+=21.42428528562855
GD=4.484460445530582
TIME=189.7285714149475
