#saving the metrics
#Mon Jan 21 02:32:03 CST 2019
ER=1.0
IGD=27.94637722496424
HV=0.0
EP=21.0
SPREAD=1.1249454888174035
GSPREAD=0.6671617510743382
IGD+=27.94637722496424
GD=5.065091054688972
TIME=201.19105434417725
