#saving the metrics
#Mon Jan 21 02:56:07 CST 2019
ER=1.0
IGD=29.393876913398138
HV=0.0
EP=20.0
SPREAD=1.0999419430748059
GSPREAD=1.0246553452060552
IGD+=29.393876913398138
GD=5.958077274360936
TIME=237.69309329986572
