#saving the metrics
#Mon Jan 21 03:07:36 CST 2019
ER=1.0
IGD=22.494443758403985
HV=0.0
EP=17.0
SPREAD=1.1733357243213722
GSPREAD=0.6012060573113918
IGD+=22.494443758403985
GD=4.857973785134308
TIME=197.81404566764832
