#saving the metrics
#Mon Jan 21 02:42:05 CST 2019
ER=1.0
IGD=37.69615364994153
HV=0.0
EP=34.0
SPREAD=1.2155035487764405
GSPREAD=1.0730491186921505
IGD+=37.69615364994153
GD=5.968648247699131
TIME=209.67656350135803
