#saving the metrics
#Mon Jan 21 03:31:49 CST 2019
ER=1.0
IGD=28.583211855912904
HV=0.0
EP=21.0
SPREAD=1.1731863635247306
GSPREAD=0.9247186787673246
IGD+=28.583211855912904
GD=5.026740287087867
TIME=195.5189723968506
