#saving the metrics
#Mon Jan 21 02:38:34 CST 2019
ER=1.0
IGD=9.486832980505138
HV=0.0
EP=8.0
SPREAD=1.2638595697504655
GSPREAD=1.097333943288179
IGD+=9.486832980505138
GD=6.716419789186833
TIME=189.91403651237488
