#saving the metrics
#Mon Jan 21 02:04:36 CST 2019
ER=1.0
IGD=41.677331968349414
HV=0.0
EP=32.0
SPREAD=1.1918323312353858
GSPREAD=0.7826758922355068
IGD+=41.677331968349414
GD=6.09007221565038
TIME=229.44017219543457
