#saving the metrics
#Mon Jan 21 03:21:15 CST 2019
ER=1.0
IGD=30.56141357987225
HV=0.0
EP=25.0
SPREAD=1.200615775227325
GSPREAD=0.8071171932323592
IGD+=30.56141357987225
GD=6.550705765926755
TIME=204.6492223739624
