#saving the metrics
#Mon Jan 21 01:57:35 CST 2019
ER=1.0
IGD=14.352700094407323
HV=0.0
EP=10.0
SPREAD=1.1489576338416947
GSPREAD=0.6722975103895232
IGD+=14.352700094407323
GD=6.521369025615248
TIME=188.60254764556885
