#saving the metrics
#Mon Jan 21 02:18:26 CST 2019
ER=1.0
IGD=32.69556544854363
HV=0.0
EP=27.0
SPREAD=1.1939558866972535
GSPREAD=0.8358584045299219
IGD+=32.69556544854363
GD=5.727247204741357
TIME=217.551531791687
