#saving the metrics
#Mon Jan 21 02:14:47 CST 2019
ER=1.0
IGD=24.186773244895647
HV=0.0
EP=21.0
SPREAD=1.200224883521805
GSPREAD=0.7238311540836646
IGD+=24.186773244895647
GD=4.297781951799721
TIME=199.1696481704712
