#saving the metrics
#Mon Jan 21 02:28:41 CST 2019
ER=1.0
IGD=35.02855977627399
HV=0.0
EP=28.0
SPREAD=1.2173304766040884
GSPREAD=1.0395929440142564
IGD+=35.02855977627399
GD=6.10681935465472
TIME=218.97334265708923
