#saving the metrics
#Thu Jan 17 15:26:00 CST 2019
ER=1.0
IGD=1.0
HV=0.0
EP=1.0
SPREAD=1.4193850805912183
GSPREAD=0.1286761497554873
IGD+=1.0
GD=0.386389767144777
TIME=343.3651201725006
