#saving the metrics
#Sun Dec 30 10:30:34 CST 2018
ER=0.9230769230769231
IGD=0.020545447765438565
HV=0.7344877344877344
EP=0.05555555555555555
SPREAD=0.7818080221220653
GSPREAD=0.2592137986138294
IGD+=0.026303854875283438
GD=0.037284679857803225
TIME=303.77216386795044
