#saving the metrics
#Sun Dec 30 09:24:44 CST 2018
ER=1.0
IGD=0.02598552490277426
HV=0.6781076066790354
EP=0.09090909090909088
SPREAD=0.8572563458666133
GSPREAD=0.27029813530523816
IGD+=0.07482641480824317
GD=0.03228933761545265
TIME=307.6986753940582
