#saving the metrics
#Sun Dec 30 09:19:36 CST 2018
ER=1.0
IGD=0.035965800396724354
HV=0.7121212121212122
EP=0.08163265306122447
SPREAD=0.7913007252420665
GSPREAD=0.21870670237707837
IGD+=0.06346850703957983
GD=0.03715179579211641
TIME=303.66954016685486
