#saving the metrics
#Sun Dec 30 08:34:22 CST 2018
ER=0.9615384615384616
IGD=0.020944774344753028
HV=0.7346938775510204
EP=0.05555555555555555
SPREAD=0.8487122688154489
GSPREAD=0.2509363672822426
IGD+=0.040022675736961465
GD=0.03826575893025986
TIME=310.68523144721985
