#saving the metrics
#Sun Dec 30 09:45:08 CST 2018
ER=1.0
IGD=0.023192592544216746
HV=0.6985157699443415
EP=0.08163265306122447
SPREAD=0.8467107004065983
GSPREAD=0.25166928723889465
IGD+=0.060228536612142315
GD=0.03400923279043371
TIME=302.31129264831543
