#saving the metrics
#Sun Dec 30 10:00:19 CST 2018
ER=1.0
IGD=0.03636759189832589
HV=0.6731601731601732
EP=0.09090909090909094
SPREAD=0.7362934433133937
GSPREAD=0.27851616425988235
IGD+=0.07404851503142088
GD=0.03722764071378188
TIME=302.75058603286743
