#saving the metrics
#Sun Dec 30 08:49:37 CST 2018
ER=1.0
IGD=0.044239700221278766
HV=0.6944959802102658
EP=0.09090909090909091
SPREAD=0.8526602173038251
GSPREAD=0.25804666101609425
IGD+=0.06897112498175895
GD=0.033814162436022206
TIME=306.0290353298187
