#saving the metrics
#Sun Dec 30 10:45:27 CST 2018
ER=1.0
IGD=0.05473413650165796
HV=0.6919191919191918
EP=0.1111111111111111
SPREAD=0.8244132226500421
GSPREAD=0.2424341101431241
IGD+=0.07436379172513863
GD=0.03669024188940588
TIME=298.64222502708435
