#saving the metrics
#Sun Dec 30 10:05:27 CST 2018
ER=1.0
IGD=0.03804306702816387
HV=0.6685219542362398
EP=0.10204081632653061
SPREAD=0.7498549063670128
GSPREAD=0.22899047614146145
IGD+=0.09784389522726865
GD=0.03874753016668327
TIME=308.1307909488678
