#saving the metrics
#Sun Dec 30 08:39:29 CST 2018
ER=1.0
IGD=0.026417293882806635
HV=0.6748093176664604
EP=0.10204081632653061
SPREAD=0.8377662003957126
GSPREAD=0.24973273899395476
IGD+=0.07497413205288977
GD=0.03625523328890578
TIME=307.0142111778259
