#saving the metrics
#Sun Dec 30 21:44:12 CST 2018
ER=1.0
IGD=2.133142019588052
HV=0.0
EP=6.611111111111111
SPREAD=1.2104018699943677
GSPREAD=0.9212458270113991
IGD+=6.731024110472224
GD=0.6948577504798933
TIME=1119.63250207901
