#saving the metrics
#Sun Dec 30 17:42:25 CST 2018
ER=1.0
IGD=1.90716123622507
HV=0.0
EP=6.0
SPREAD=1.2427778271085483
GSPREAD=0.9152944324556119
IGD+=6.016053350049758
GD=0.6327493859726525
TIME=1097.6301789283752
