#saving the metrics
#Thu Jan 10 11:03:45 CST 2019
ER=1.0
IGD=2.078352544434769
HV=0.0
EP=6.555555555555555
SPREAD=1.1634481687872926
GSPREAD=1.2409992121045277
IGD+=6.561109410978865
GD=0.6724767256031321
TIME=1170.089451789856
