#saving the metrics
#Thu Jan 10 12:03:29 CST 2019
ER=1.0
IGD=1.9390059892993563
HV=0.0
EP=6.0
SPREAD=1.232051742331527
GSPREAD=0.936929806872434
IGD+=6.119000802690918
GD=0.6410997185740462
TIME=1197.4303441047668
