#saving the metrics
#Sun Dec 30 12:14:23 CST 2018
ER=1.0
IGD=2.7868261243924186
HV=0.0
EP=8.61111111111111
SPREAD=1.101407948402954
GSPREAD=0.9729794119178388
IGD+=8.803836601822452
GD=0.9772032971293876
TIME=1353.7350687980652
