#saving the metrics
#Thu Jan 10 06:21:59 CST 2019
ER=1.0
IGD=2.751292003982905
HV=0.0
EP=8.555555555555555
SPREAD=1.1168235714345376
GSPREAD=0.9301142327477347
IGD+=8.682763562986501
GD=0.8537863067218487
TIME=1228.10773396492
