#saving the metrics
#Sun Dec 30 14:56:17 CST 2018
ER=1.0
IGD=2.3809603624459177
HV=0.0
EP=7.555555555555555
SPREAD=1.193221055516515
GSPREAD=0.9139307444784107
IGD+=7.521320390277646
GD=0.7571154107424884
TIME=1272.3064622879028
