#saving the metrics
#Sun Dec 30 12:54:58 CST 2018
ER=1.0
IGD=2.2778177548765006
HV=0.0
EP=7.166666666666667
SPREAD=1.2027511037644023
GSPREAD=0.8609505071050711
IGD+=7.193515563550962
GD=0.7347667368267317
TIME=1187.9870657920837
