#saving the metrics
#Sun Dec 30 15:59:26 CST 2018
ER=1.0
IGD=2.5203446885189758
HV=0.0
EP=7.888888888888889
SPREAD=1.1106284850816568
GSPREAD=0.9052966967419908
IGD+=7.959328196865366
GD=0.8281482835168557
TIME=1250.2458455562592
