#saving the metrics
#Sun Dec 30 15:17:41 CST 2018
ER=1.0
IGD=2.6457406875889697
HV=0.0
EP=8.11111111111111
SPREAD=1.1865012885297876
GSPREAD=1.058794400117366
IGD+=8.355027673960397
GD=0.8374791665073853
TIME=1284.069729566574
