#saving the metrics
#Sun Dec 30 14:35:04 CST 2018
ER=1.0
IGD=2.6258897320111423
HV=0.0
EP=8.11111111111111
SPREAD=1.074764792083256
GSPREAD=0.9921722995487715
IGD+=8.293452583989682
GD=0.8480301930195008
TIME=1301.168214082718
