#saving the metrics
#Sun Dec 30 19:27:42 CST 2018
ER=1.0
IGD=2.9288897067077144
HV=0.0
EP=8.722222222222221
SPREAD=1.128478971969786
GSPREAD=1.1375967081228693
IGD+=9.255474137505669
GD=0.9474459828055916
TIME=1358.3447370529175
