#saving the metrics
#Sun Dec 30 13:14:14 CST 2018
ER=1.0
IGD=2.240093351874437
HV=0.0
EP=7.0
SPREAD=1.27443088000025
GSPREAD=1.1370134545748576
IGD+=7.0684402569099545
GD=0.7618272568229995
TIME=1155.459195613861
