#saving the metrics
#Thu Jan 10 05:21:32 CST 2019
ER=1.0
IGD=2.2754118994866115
HV=0.0
EP=7.166666666666667
SPREAD=1.2420207875751403
GSPREAD=0.8904469343033902
IGD+=7.182002803082154
GD=0.7189135703917449
TIME=1143.6186866760254
