#saving the metrics
#Sun Dec 30 21:04:38 CST 2018
ER=1.0
IGD=2.38341024989854
HV=0.0
EP=7.555555555555555
SPREAD=1.1882586504378274
GSPREAD=1.2269327930850196
IGD+=7.512137525860636
GD=0.7465259558836181
TIME=1204.8971164226532
