#saving the metrics
#Sun Dec 30 20:44:28 CST 2018
ER=1.0
IGD=2.5217869297302475
HV=0.0
EP=7.888888888888889
SPREAD=1.2154618498025513
GSPREAD=0.9367347758878024
IGD+=7.957979201201235
GD=0.7980392929646213
TIME=1229.436117887497
