#saving the metrics
#Sun Dec 30 13:54:46 CST 2018
ER=1.0
IGD=2.8845045782493095
HV=0.0
EP=9.0
SPREAD=1.1304429715659456
GSPREAD=0.8738121104905116
IGD+=9.115173880532337
GD=0.8963438474629777
TIME=1328.6707708835602
