#saving the metrics
#Thu Jan 10 08:22:02 CST 2019
ER=1.0
IGD=2.6710679134216173
HV=0.0
EP=8.38888888888889
SPREAD=1.1368824487434124
GSPREAD=1.0556878709821123
IGD+=8.437145222474776
GD=0.8680005632658465
TIME=1254.1904978752136
