#saving the metrics
#Thu Jan 10 09:42:10 CST 2019
ER=1.0
IGD=2.350032906534982
HV=0.0
EP=7.5
SPREAD=1.1451850730604043
GSPREAD=0.8599639254184774
IGD+=7.4229185966794065
GD=0.7940342318019268
TIME=1162.133352279663
