#saving the metrics
#Sun Dec 30 12:35:10 CST 2018
ER=1.0
IGD=2.6963356244625096
HV=0.0
EP=8.444444444444445
SPREAD=1.1148562570743865
GSPREAD=0.9475197675949376
IGD+=8.516532179630238
GD=0.8640355309924123
TIME=1246.6102604866028
