#saving the metrics
#Thu Jan 10 04:01:32 CST 2019
ER=1.0
IGD=2.9947313170944794
HV=0.0
EP=9.11111111111111
SPREAD=1.1888287937257516
GSPREAD=0.9081419358304955
IGD+=9.46303457385374
GD=0.9237970179570346
TIME=1328.5984342098236
