#saving the metrics
#Sun Dec 30 17:05:29 CST 2018
ER=1.0
IGD=2.818295710318723
HV=0.0
EP=8.5
SPREAD=1.1682374460430647
GSPREAD=0.963067265084692
IGD+=8.901309635636874
GD=0.9050521002708315
TIME=1306.3593850135803
