#saving the metrics
#Thu Jan 10 11:43:31 CST 2019
ER=1.0
IGD=1.9829298850125068
HV=0.0
EP=6.333333333333333
SPREAD=1.1072147397198664
GSPREAD=0.8382213258446375
IGD+=6.255039915155804
GD=0.6067772857783186
TIME=1151.8982615470886
