#saving the metrics
#Sun Dec 30 20:23:51 CST 2018
ER=1.0
IGD=2.2050684260226814
HV=0.0
EP=6.944444444444445
SPREAD=1.155708822199629
GSPREAD=0.9982611274732077
IGD+=6.959640504019942
GD=0.7355128523166834
TIME=1142.3887004852295
