#saving the metrics
#Thu Jan 10 03:39:23 CST 2019
ER=1.0
IGD=2.222811931519495
HV=0.0
EP=6.833333333333333
SPREAD=1.2145244626287874
GSPREAD=0.9906269311949375
IGD+=7.016263540632612
GD=0.7742549875545077
TIME=1172.1819291114807
