#saving the metrics
#Thu Jan 10 10:03:14 CST 2019
ER=1.0
IGD=2.6446656011755594
HV=0.0
EP=8.166666666666666
SPREAD=1.1618965431783053
GSPREAD=1.059316197617632
IGD+=8.35359513931818
GD=0.8388706142666207
TIME=1263.0194671154022
