#saving the metrics
#Sun Dec 30 17:24:07 CST 2018
ER=1.0
IGD=2.0507753068302175
HV=0.0
EP=6.222222222222222
SPREAD=1.191646305864786
GSPREAD=1.0009414262640968
IGD+=6.470525053704085
GD=0.7601117256294678
TIME=1117.4321796894073
