#saving the metrics
#Sun Dec 30 14:13:23 CST 2018
ER=1.0
IGD=1.8902783777464098
HV=0.0
EP=5.888888888888889
SPREAD=1.1523520086178358
GSPREAD=1.1162608711780413
IGD+=5.960093436077334
GD=0.6028972662613916
TIME=1116.853380203247
