#saving the metrics
#Thu Jan 10 09:03:02 CST 2019
ER=1.0
IGD=2.2921051380050397
HV=0.0
EP=7.111111111111111
SPREAD=1.2206170465912591
GSPREAD=1.164562102334951
IGD+=7.236598320202802
GD=0.7399733934722812
TIME=1199.8195884227753
