#saving the metrics
#Thu Jan 10 10:25:01 CST 2019
ER=1.0
IGD=2.785327929187072
HV=0.0
EP=8.666666666666666
SPREAD=1.184372251228031
GSPREAD=0.9816653937064094
IGD+=8.79687006164827
GD=0.907974615293095
TIME=1306.6471347808838
