#saving the metrics
#Sun Dec 30 19:45:27 CST 2018
ER=1.0
IGD=1.8377245292865214
HV=0.0
EP=5.888888888888889
SPREAD=1.1023994958553902
GSPREAD=0.8823255454692428
IGD+=5.79328190867015
GD=0.5998212992631995
TIME=1064.484650850296
