#saving the metrics
#Sun Dec 30 18:43:40 CST 2018
ER=1.0
IGD=2.6677561301379855
HV=0.0
EP=8.11111111111111
SPREAD=1.148971308339129
GSPREAD=0.9392242188819847
IGD+=8.429660898690269
GD=0.8781198743735152
TIME=1313.7391815185547
