#saving the metrics
#Sun Dec 30 19:05:03 CST 2018
ER=1.0
IGD=2.7949453479636945
HV=0.0
EP=8.833333333333334
SPREAD=1.1842628290886001
GSPREAD=1.0771825010000977
IGD+=8.829691440657147
GD=0.878542367821967
TIME=1282.4546344280243
