#saving the metrics
#Sun Dec 30 16:22:52 CST 2018
ER=1.0
IGD=3.137715268640446
HV=0.0
EP=9.88888888888889
SPREAD=1.060546369592146
GSPREAD=0.9321548809419865
IGD+=9.912604578139197
GD=0.9847109574639801
TIME=1405.972204208374
