#saving the metrics
#Thu Jan 10 07:00:17 CST 2019
ER=1.0
IGD=2.294503880995434
HV=0.0
EP=7.222222222222222
SPREAD=1.3424050450378275
GSPREAD=0.9565206399636906
IGD+=7.2351893075159115
GD=0.8008361183448285
TIME=1184.3751893043518
