#saving the metrics
#Sun Dec 30 18:02:42 CST 2018
ER=1.0
IGD=2.6805156829484917
HV=0.0
EP=8.222222222222221
SPREAD=1.1260429208619251
GSPREAD=1.1504077328623432
IGD+=8.458338377038952
GD=0.8573055994924718
TIME=1215.9877405166626
