#saving the metrics
#Sun Dec 30 13:32:36 CST 2018
ER=1.0
IGD=2.222392178192814
HV=0.0
EP=6.888888888888889
SPREAD=1.2121718750091288
GSPREAD=0.8419280254726766
IGD+=7.015691385773225
GD=0.7185004859565431
TIME=1101.4899365901947
