#saving the metrics
#Sun Dec 30 22:03:42 CST 2018
ER=1.0
IGD=2.415075601030662
HV=0.0
EP=7.722222222222222
SPREAD=1.1716810466440761
GSPREAD=1.2517490383319447
IGD+=7.626398647402546
GD=0.7602271835737396
TIME=1169.9456536769867
