#saving the metrics
#Sun Dec 30 18:21:46 CST 2018
ER=1.0
IGD=2.3822628770325265
HV=0.0
EP=7.5
SPREAD=1.2243052971751651
GSPREAD=0.9163574912087142
IGD+=7.512438100035785
GD=0.733288522717375
TIME=1143.9713368415833
