#saving the metrics
#Sun Dec 30 21:25:32 CST 2018
ER=1.0
IGD=2.765213204720085
HV=0.0
EP=8.722222222222221
SPREAD=1.1378359393301374
GSPREAD=0.9697070055493386
IGD+=8.735991613472548
GD=0.8536835073419542
TIME=1248.0652401447296
