#saving the metrics
#Thu Jan 10 04:42:00 CST 2019
ER=1.0
IGD=2.8009406690966276
HV=0.0
EP=8.722222222222221
SPREAD=1.193575715514235
GSPREAD=0.9677959358769793
IGD+=8.84856140479231
GD=0.8802114057309363
TIME=1299.1752693653107
