#saving the metrics
#Sun Dec 30 15:38:35 CST 2018
ER=1.0
IGD=2.366876299860847
HV=0.0
EP=7.388888888888889
SPREAD=1.1599666942735707
GSPREAD=1.1440794274979136
IGD+=7.477226577747492
GD=0.738050772524527
TIME=1253.3672721385956
