#saving the metrics
#Sun Dec 30 16:43:43 CST 2018
ER=1.0
IGD=2.442902412808974
HV=0.0
EP=7.555555555555555
SPREAD=1.1782368676587498
GSPREAD=1.1013183015726684
IGD+=7.715397621680834
GD=0.7847821721482628
TIME=1250.4901983737946
