#saving the metrics
#Sun Dec 30 20:04:48 CST 2018
ER=1.0
IGD=2.254799209688252
HV=0.0
EP=7.111111111111111
SPREAD=1.1955846763876765
GSPREAD=0.8948857856944781
IGD+=7.119554220667737
GD=0.710013830170674
TIME=1160.874850988388
