#saving the metrics
#Thu Jan 10 12:22:29 CST 2019
ER=1.0
IGD=2.181670937282292
HV=0.0
EP=6.944444444444445
SPREAD=1.0956711659460516
GSPREAD=0.8607188366936561
IGD+=6.886678223480706
GD=0.6482910509655135
TIME=1140.2542684078217
