#saving the metrics
#Thu Jan 10 07:21:25 CST 2019
ER=1.0
IGD=2.7129457008864533
HV=0.0
EP=8.333333333333334
SPREAD=1.1874287713890757
GSPREAD=1.1347632228060722
IGD+=8.568956493090727
GD=0.8518400782747231
TIME=1267.2914581298828
