#saving the metrics
#Wed Jan 09 06:38:37 CST 2019
ER=1.0
IGD=0.6978089395835851
HV=5.844000000000438E-4
EP=0.9994
SPREAD=1.0008360303404267
GSPREAD=0.997234653996479
IGD+=0.507959913
GD=0.010989185777786382
