#saving the metrics
#Sat Dec 29 12:07:24 CST 2018
ER=0.7211538461538461
IGD=0.0
HV=0.6944444444444444
EP=0.0
SPREAD=1.5922330097087376
GSPREAD=0.3211151182036619
IGD+=0.0
GD=0.03854491497053106
TIME=139.3852822780609
