#saving the metrics
#Sat Dec 29 11:55:40 CST 2018
ER=0.7211538461538461
IGD=0.0
HV=0.7065972222222222
EP=0.0
SPREAD=1.5339805825242714
GSPREAD=0.313083229147374
IGD+=0.0
GD=0.04025395721233461
TIME=140.71246814727783
