#saving the metrics
#Sat Dec 29 12:16:47 CST 2018
ER=0.7307692307692307
IGD=0.04859126579037751
HV=0.7083333333333334
EP=0.125
SPREAD=1.5339805825242725
GSPREAD=0.3287489373218367
IGD+=0.025
GD=0.04162426960343838
TIME=139.29144740104675
