#saving the metrics
#Sat Dec 29 11:22:40 CST 2018
ER=0.6153846153846154
IGD=0.0
HV=0.6961805555555556
EP=0.0
SPREAD=1.572815533980582
GSPREAD=0.29041796740381676
IGD+=0.0
GD=0.03814094147265007
TIME=139.3457624912262
