#saving the metrics
#Sat Dec 29 11:29:45 CST 2018
ER=0.6923076923076923
IGD=0.0
HV=0.7065972222222222
EP=0.0
SPREAD=1.533980582524271
GSPREAD=0.2938364826385664
IGD+=0.0
GD=0.04156445488449832
TIME=141.11584854125977
