#saving the metrics
#Sat Dec 29 11:17:58 CST 2018
ER=0.7307692307692307
IGD=0.07120003121097943
HV=0.7065972222222222
EP=0.125
SPREAD=1.5728155339805823
GSPREAD=0.31435115843239
IGD+=0.025
GD=0.044201437226924045
TIME=142.58557295799255
