#saving the metrics
#Sat Dec 29 11:43:55 CST 2018
ER=0.7307692307692307
IGD=0.07120003121097943
HV=0.7013888888888888
EP=0.125
SPREAD=1.5922330097087414
GSPREAD=0.3207818147582142
IGD+=0.025
GD=0.041745564478152704
TIME=139.94528579711914
