#saving the metrics
#Sun Feb 03 10:01:43 CST 2019
ER=1.0
IGD=1.1380111794022256
HV=0.0
EP=2.625
SPREAD=1.2410435620032514
GSPREAD=0.5658320293694822
IGD+=2.4425800798515747
GD=0.20673727245862836
TIME=568.0836992263794
