#saving the metrics
#Sun Feb 03 10:26:36 CST 2019
ER=1.0
IGD=0.5752414951807439
HV=0.0
EP=1.25
SPREAD=1.4225532043414906
GSPREAD=0.6298890779634836
IGD+=1.1263829087231279
GD=0.144921156486483
TIME=538.1089887619019
