#saving the metrics
#Sun Feb 03 09:07:18 CST 2019
ER=1.0
IGD=0.6032320356951286
HV=0.0
EP=1.375
SPREAD=1.4146842030548883
GSPREAD=0.8570876214642742
IGD+=1.2845952256296669
GD=0.1576700711864702
TIME=417.79005312919617
