#saving the metrics
#Sun Feb 03 08:07:55 CST 2019
ER=1.0
IGD=1.235358697347095
HV=0.0
EP=2.75
SPREAD=1.2776957777593894
GSPREAD=0.5856210755772395
IGD+=2.7225852641252617
GD=0.23776928747000928
TIME=690.6015048027039
