#saving the metrics
#Sun Feb 03 10:43:15 CST 2019
ER=1.0
IGD=1.1151731305546737
HV=0.0
EP=2.5
SPREAD=1.052796028024301
GSPREAD=0.7332884026368933
IGD+=2.3001157184228185
GD=0.15304089896119302
TIME=616.4292924404144
