#saving the metrics
#Sun Feb 03 11:30:56 CST 2019
ER=1.0
IGD=1.0843905098154345
HV=0.0
EP=2.5
SPREAD=1.123022676747558
GSPREAD=0.09839952702705397
IGD+=2.321886798597133
GD=0.15839647465989032
TIME=966.9955515861511
