#saving the metrics
#Sun Feb 03 07:46:27 CST 2019
ER=1.0
IGD=0.8638174318428377
HV=0.0
EP=1.875
SPREAD=1.458415163010969
GSPREAD=0.5649104103686164
IGD+=1.8701108523275525
GD=0.14160940997582463
TIME=375.20979714393616
