#saving the metrics
#Sun Feb 03 09:44:52 CST 2019
ER=1.0
IGD=0.9736814445985686
HV=0.0
EP=2.25
SPREAD=1.3352289032922737
GSPREAD=0.5111367661668574
IGD+=2.109171080097476
GD=0.15755167680541365
TIME=581.2426941394806
