#saving the metrics
#Sun Feb 03 08:29:53 CST 2019
ER=1.0
IGD=0.9170075123889541
HV=0.0
EP=2.125
SPREAD=1.3459013525766341
GSPREAD=0.5284222933080678
IGD+=1.9324387613496892
GD=0.15782729333847728
TIME=541.3145408630371
