#saving the metrics
#Sun Feb 03 09:52:14 CST 2019
ER=1.0
IGD=0.6914658342969665
HV=0.0
EP=1.5
SPREAD=1.3998163832424328
GSPREAD=0.6094792837544822
IGD+=1.5136478606525445
GD=0.12091719794087821
TIME=440.8744134902954
