#saving the metrics
#Sun Feb 03 09:15:31 CST 2019
ER=1.0
IGD=0.7515262248695429
HV=0.0
EP=1.75
SPREAD=1.4231578018823257
GSPREAD=0.8859455790189363
IGD+=1.615684293350934
GD=0.12566339458138678
TIME=492.1858642101288
