#saving the metrics
#Wed Jan 23 04:27:35 CST 2019
ER=1.0
IGD=58.63446085707619
HV=0.0
EP=50.0
SPREAD=1.1031149504046456
GSPREAD=0.9571735550705389
IGD+=58.63446085707619
GD=9.242065911522443
TIME=854.032119512558
