#saving the metrics
#Wed Jan 23 03:59:48 CST 2019
ER=1.0
IGD=96.46761114488116
HV=0.0
EP=92.0
SPREAD=1.0979246128867237
GSPREAD=0.8890863210498131
IGD+=96.46761114488116
GD=12.519010487365462
TIME=959.577794790268
