#saving the metrics
#Wed Jan 23 06:39:25 CST 2019
ER=1.0
IGD=91.35097153287424
HV=0.0
EP=84.0
SPREAD=1.0801066975807645
GSPREAD=0.8844507270790175
IGD+=91.35097153287424
GD=12.258852139670864
TIME=895.0793030261993
