#saving the metrics
#Wed Jan 23 05:55:02 CST 2019
ER=1.0
IGD=59.54829972383762
HV=0.0
EP=52.0
SPREAD=1.1017590972368214
GSPREAD=0.9852781927762975
IGD+=59.54829972383762
GD=9.211596752964658
TIME=856.126690864563
