#saving the metrics
#Wed Jan 23 00:53:14 CST 2019
ER=1.0
IGD=51.57518783291051
HV=0.0
EP=46.0
SPREAD=1.0955808148148878
GSPREAD=0.9148870904063877
IGD+=51.57518783291051
GD=10.525076415878923
TIME=851.0832736492157
