#saving the metrics
#Wed Jan 23 02:47:37 CST 2019
ER=1.0
IGD=94.00531899844816
HV=0.0
EP=88.0
SPREAD=1.143581755694632
GSPREAD=1.0650547030167967
IGD+=94.00531899844816
GD=12.047859963712039
TIME=896.7477338314056
