#saving the metrics
#Wed Jan 23 02:32:39 CST 2019
ER=1.0
IGD=74.87322618933953
HV=0.0
EP=70.0
SPREAD=1.0708201028647066
GSPREAD=0.8627308994431148
IGD+=74.87322618933953
GD=10.740602600305397
TIME=875.7117719650269
