#saving the metrics
#Wed Jan 23 01:22:37 CST 2019
ER=1.0
IGD=89.40917178902845
HV=0.0
EP=81.0
SPREAD=1.186738060190636
GSPREAD=0.9373395808799151
IGD+=89.40917178902845
GD=12.311048077312702
TIME=939.4251887798309
