#saving the metrics
#Wed Jan 23 07:07:51 CST 2019
ER=1.0
IGD=53.600373133029585
HV=0.0
EP=48.0
SPREAD=1.1463401199394676
GSPREAD=0.8893068448201155
IGD+=53.600373133029585
GD=9.493126765313573
TIME=852.9723014831543
