#saving the metrics
#Wed Jan 23 01:06:57 CST 2019
ER=1.0
IGD=62.51399843235114
HV=0.0
EP=54.0
SPREAD=1.1050029275085453
GSPREAD=0.994586029319855
IGD+=62.51399843235114
GD=10.452241023035592
TIME=822.9564816951752
