#saving the metrics
#Wed Jan 23 04:58:46 CST 2019
ER=1.0
IGD=96.15092303249095
HV=0.0
EP=87.0
SPREAD=1.1266683427009943
GSPREAD=0.8360606097402145
IGD+=96.15092303249095
GD=12.342155329841747
TIME=952.5050146579742
