#saving the metrics
#Wed Jan 23 07:35:38 CST 2019
ER=1.0
IGD=80.47981113297918
HV=0.0
EP=73.0
SPREAD=1.0714926047922815
GSPREAD=0.7515152502014436
IGD+=80.47981113297918
GD=11.095438379553425
TIME=856.1968762874603
