#saving the metrics
#Wed Jan 23 02:18:03 CST 2019
ER=1.0
IGD=69.17369442208505
HV=0.0
EP=65.0
SPREAD=1.049902400302859
GSPREAD=0.9039239987142864
IGD+=69.17369442208505
GD=10.497960065311727
TIME=836.9677402973175
