#saving the metrics
#Wed Jan 23 07:21:21 CST 2019
ER=1.0
IGD=64.89992295835181
HV=0.0
EP=60.0
SPREAD=1.1356028688486843
GSPREAD=0.915954985116864
IGD+=64.89992295835181
GD=10.03061526679124
TIME=808.9362251758575
