#saving the metrics
#Thu Jan 10 00:04:17 CST 2019
ER=1.0
IGD=0.9475079634842226
HV=0.0
EP=2.7241379310344827
SPREAD=1.2217016936699299
GSPREAD=0.9668769579459727
IGD+=2.806185192756452
GD=0.2657937330952021
TIME=200.33023500442505
