#saving the metrics
#Sun Dec 30 07:47:44 CST 2018
ER=1.0
IGD=1.0232023559059098
HV=0.0
EP=3.0
SPREAD=1.2101235246515127
GSPREAD=1.1131593561908744
IGD+=3.0368860997377602
GD=0.27459262204330204
TIME=218.4769606590271
