#saving the metrics
#Sun Dec 30 07:00:05 CST 2018
ER=1.0
IGD=1.0017784998833537
HV=0.0
EP=3.0344827586206895
SPREAD=1.1980927452709673
GSPREAD=0.9575097956928561
IGD+=2.97332434122489
GD=0.26210708994277304
TIME=196.0925328731537
