#saving the metrics
#Sun Dec 30 07:40:52 CST 2018
ER=1.0
IGD=1.0859623716389464
HV=0.0
EP=3.257575757575758
SPREAD=1.197510185110618
GSPREAD=0.9759976539017575
IGD+=3.2292427487168647
GD=0.3115210857884201
TIME=204.2523889541626
