#saving the metrics
#Sun Dec 30 06:37:24 CST 2018
ER=1.0
IGD=0.9627434768930045
HV=0.0
EP=2.8275862068965516
SPREAD=1.1523541171491067
GSPREAD=0.8916993091682401
IGD+=2.8257750421484795
GD=0.25824603257177514
TIME=200.1660692691803
