#saving the metrics
#Sun Dec 30 07:27:29 CST 2018
ER=1.0
IGD=1.0149020992282571
HV=0.0
EP=3.0344827586206895
SPREAD=1.2391979518026939
GSPREAD=0.8157403105167212
IGD+=3.0018765730907826
GD=0.28396632998988547
TIME=210.10170793533325
