#saving the metrics
#Sun Dec 30 06:53:41 CST 2018
ER=1.0
IGD=1.0642457204583637
HV=0.0
EP=3.1379310344827585
SPREAD=1.2135030134681737
GSPREAD=0.9748682625765394
IGD+=3.147309952010413
GD=0.28919415000938337
TIME=203.2819287776947
