#saving the metrics
#Sun Dec 30 06:47:00 CST 2018
ER=1.0
IGD=0.9154406944352176
HV=0.0
EP=2.7241379310344827
SPREAD=1.1995618651674882
GSPREAD=0.9812304431877779
IGD+=2.7180747637598186
GD=0.26503490694457155
TIME=198.57955265045166
