#saving the metrics
#Wed Jan 09 23:51:01 CST 2019
ER=1.0
IGD=0.8961572966640186
HV=0.0
EP=2.6206896551724137
SPREAD=1.1921650724023987
GSPREAD=0.9999638109648114
IGD+=2.6363088172968228
GD=0.2553868855353541
TIME=191.34594225883484
