#saving the metrics
#Wed Jan 09 23:54:15 CST 2019
ER=1.0
IGD=0.8619722965500892
HV=0.0
EP=2.5517241379310347
SPREAD=1.1994644546906366
GSPREAD=1.0062486202871688
IGD+=2.5226293410334812
GD=0.24065268917571053
TIME=193.8900806903839
