#saving the metrics
#Wed Jan 09 23:02:37 CST 2019
ER=1.0
IGD=0.8509201689857407
HV=0.0
EP=2.6206896551724137
SPREAD=1.2108529635970207
GSPREAD=0.8515741916868707
IGD+=2.5237916743517865
GD=0.23046786656723192
TIME=189.22089862823486
