#saving the metrics
#Sun Dec 30 06:30:36 CST 2018
ER=1.0
IGD=0.8625272569515031
HV=0.0
EP=2.4827586206896552
SPREAD=1.210237282399081
GSPREAD=1.0624319616629427
IGD+=2.5198128562546325
GD=0.24568829900839603
TIME=208.0081672668457
