#saving the metrics
#Sun Dec 30 07:37:28 CST 2018
ER=1.0
IGD=0.7865653617210324
HV=0.0
EP=2.3793103448275863
SPREAD=1.1898027422004371
GSPREAD=0.8378409282723672
IGD+=2.3291545246076883
GD=0.223851856606735
TIME=200.52443170547485
