#saving the metrics
#Wed Jan 09 23:34:49 CST 2019
ER=1.0
IGD=1.0235205863314454
HV=0.0
EP=3.1379310344827585
SPREAD=1.1847454295612392
GSPREAD=0.8055217571100389
IGD+=3.044459897307768
GD=0.2735382765721138
TIME=207.10970306396484
