#saving the metrics
#Sun Dec 30 07:57:59 CST 2018
ER=1.0
IGD=0.9019689898248442
HV=0.0
EP=2.7241379310344827
SPREAD=1.2158166959902657
GSPREAD=0.8812261423296432
IGD+=2.677724964229439
GD=0.23716317451124927
TIME=205.50950860977173
