#saving the metrics
#Thu Jan 10 00:24:29 CST 2019
ER=1.0
IGD=0.9569317946146239
HV=0.0
EP=2.8620689655172415
SPREAD=1.1739067987358263
GSPREAD=0.8223648793726879
IGD+=2.8574969357343254
GD=0.2745958412392611
TIME=205.36549949645996
