#saving the metrics
#Thu Jan 10 00:00:56 CST 2019
ER=1.0
IGD=0.9014136426778191
HV=0.0
EP=2.6551724137931036
SPREAD=1.1572434649228232
GSPREAD=0.897938888430281
IGD+=2.667049528787154
GD=0.26873930487083714
TIME=202.54514336585999
