#saving the metrics
#Sun Dec 30 07:06:03 CST 2018
ER=1.0
IGD=0.7435158062334681
HV=0.0
EP=2.103448275862069
SPREAD=1.2672225032916862
GSPREAD=0.8962689500705218
IGD+=2.1890344184759885
GD=0.21132623735796632
TIME=180.18719911575317
