#saving the metrics
#Sun Dec 30 06:34:03 CST 2018
ER=1.0
IGD=0.9580368196748554
HV=0.0
EP=2.8275862068965516
SPREAD=1.1659105717354257
GSPREAD=0.9836075016509718
IGD+=2.8593212871682474
GD=0.263625566897621
TIME=206.94406080245972
