#saving the metrics
#Thu Jan 10 00:17:41 CST 2019
ER=1.0
IGD=0.8339131657933453
HV=0.0
EP=2.5172413793103448
SPREAD=1.2151854220099738
GSPREAD=0.9060042003417623
IGD+=2.464142801878795
GD=0.24315435844939992
TIME=194.42060828208923
