#saving the metrics
#Wed Jan 09 23:15:38 CST 2019
ER=1.0
IGD=0.8126694497021744
HV=0.0
EP=2.4827586206896552
SPREAD=1.189103077821138
GSPREAD=0.8298593289416791
IGD+=2.3899739919888026
GD=0.22244368577052745
TIME=182.9637930393219
