#saving the metrics
#Sun Dec 30 07:03:03 CST 2018
ER=1.0
IGD=0.6527541016520004
HV=0.0
EP=1.896551724137931
SPREAD=1.2802174298038984
GSPREAD=1.2510916310265374
IGD+=1.9267414161937861
GD=0.17940241670594004
TIME=177.3941628932953
