#saving the metrics
#Wed Jan 09 23:12:35 CST 2019
ER=1.0
IGD=0.6526542776391545
HV=0.0
EP=1.9310344827586208
SPREAD=1.1968396561258632
GSPREAD=1.1790191245775268
IGD+=1.9319940852693496
GD=0.20175078906470775
TIME=185.5819652080536
