#saving the metrics
#Sun Dec 30 07:13:23 CST 2018
ER=1.0
IGD=0.9820416268568155
HV=0.0
EP=2.896551724137931
SPREAD=1.1345931065760284
GSPREAD=0.9116074063813705
IGD+=2.8997936084062257
GD=0.2862785607426958
TIME=219.64108085632324
