#saving the metrics
#Thu Jan 10 00:07:55 CST 2019
ER=1.0
IGD=1.08409473672389
HV=0.0
EP=3.1724137931034484
SPREAD=1.2052677274805832
GSPREAD=1.092899664220259
IGD+=3.238567296257968
GD=0.31091311285751805
TIME=217.90880680084229
