#saving the metrics
#Sun Dec 30 07:20:30 CST 2018
ER=1.0
IGD=0.9454866560666544
HV=0.0
EP=2.7241379310344827
SPREAD=1.1624907121078136
GSPREAD=0.9880038829145514
IGD+=2.8127661845245413
GD=0.27444121944621785
TIME=222.42852973937988
