#saving the metrics
#Sun Dec 30 07:34:07 CST 2018
ER=1.0
IGD=0.9175550949997437
HV=0.0
EP=2.7586206896551726
SPREAD=1.0687027349248246
GSPREAD=0.827187038151423
IGD+=2.720245755774248
GD=0.2607755251868593
TIME=200.96291875839233
