#saving the metrics
#Sun Dec 30 07:44:05 CST 2018
ER=1.0
IGD=0.8766131298009001
HV=0.0
EP=2.6551724137931036
SPREAD=1.2515326081063392
GSPREAD=0.9454653544240303
IGD+=2.6006502131940343
GD=0.24866753785940707
TIME=192.09675908088684
