#saving the metrics
#Sun Dec 30 08:04:58 CST 2018
ER=1.0
IGD=0.8038577133346948
HV=0.0
EP=2.310344827586207
SPREAD=1.2477632731175148
GSPREAD=0.8629791565763699
IGD+=2.3468002012932607
GD=0.21022431383529283
TIME=197.2425241470337
