#saving the metrics
#Sun Dec 30 07:16:47 CST 2018
ER=1.0
IGD=0.8583622496422916
HV=0.0
EP=2.586206896551724
SPREAD=1.1847318805492764
GSPREAD=0.8958263343353388
IGD+=2.5636987971799754
GD=0.26026020936609834
TIME=203.17530274391174
