#saving the metrics
#Sun Dec 30 06:50:18 CST 2018
ER=1.0
IGD=0.8881051139372016
HV=0.0
EP=2.6551724137931036
SPREAD=1.1916360494436269
GSPREAD=1.0024156212382114
IGD+=2.6469003348499567
GD=0.2527039308483153
TIME=197.60424947738647
