#saving the metrics
#Sun Dec 30 07:50:54 CST 2018
ER=1.0
IGD=0.793460387265335
HV=0.0
EP=2.310344827586207
SPREAD=1.1041863896050972
GSPREAD=0.977107393654716
IGD+=2.357500918955877
GD=0.2169074386199109
TIME=189.87743759155273
