#saving the metrics
#Sun Dec 30 06:40:35 CST 2018
ER=1.0
IGD=0.8705452081280304
HV=0.0
EP=2.6551724137931036
SPREAD=1.1781347565768796
GSPREAD=0.7791830198180969
IGD+=2.572618955200019
GD=0.21989253608242704
TIME=191.01210141181946
