#saving the metrics
#Sun Dec 30 06:43:41 CST 2018
ER=1.0
IGD=0.9435850623006501
HV=0.0
EP=2.8620689655172415
SPREAD=1.1551466346141144
GSPREAD=0.8604678358951157
IGD+=2.8020763754031033
GD=0.25312975059727616
TIME=185.2892291545868
