#saving the metrics
#Wed Jan 09 23:31:21 CST 2019
ER=1.0
IGD=0.8164629392018099
HV=0.0
EP=2.3793103448275863
SPREAD=1.1842393121485408
GSPREAD=0.8217242296149528
IGD+=2.405960132677743
GD=0.23418203421872158
TIME=183.54677510261536
