#saving the metrics
#Wed Jan 09 23:28:17 CST 2019
ER=1.0
IGD=0.868582375304332
HV=0.0
EP=2.6551724137931036
SPREAD=1.112533605022495
GSPREAD=0.794026710105411
IGD+=2.5825869678120776
GD=0.2471601831529528
TIME=184.59686708450317
