#saving the metrics
#Sun Dec 30 07:30:46 CST 2018
ER=1.0
IGD=0.9327283965665818
HV=0.0
EP=2.7586206896551726
SPREAD=1.2598166664560637
GSPREAD=0.8402644911202469
IGD+=2.760922924235491
GD=0.25505599770253906
TIME=196.6331958770752
