#saving the metrics
#Sun Dec 30 06:56:49 CST 2018
ER=1.0
IGD=0.8880976116127688
HV=0.0
EP=2.689655172413793
SPREAD=1.2558079371697164
GSPREAD=1.0428748814155495
IGD+=2.6491588831505157
GD=0.2343479199541529
TIME=187.13176703453064
