#saving the metrics
#Sun Dec 30 06:27:07 CST 2018
ER=1.0
IGD=0.8439285093547101
HV=0.0
EP=2.586206896551724
SPREAD=1.206150900345704
GSPREAD=1.0899457585446135
IGD+=2.502206790107956
GD=0.2257238009613353
TIME=183.90405178070068
