#saving the metrics
#Sun Dec 30 07:54:33 CST 2018
ER=1.0
IGD=0.9660805053027816
HV=0.0
EP=2.8275862068965516
SPREAD=1.227546300044282
GSPREAD=0.9425172370296736
IGD+=2.874137718135953
GD=0.26886978069002127
TIME=218.9252154827118
