#saving the metrics
#Sun Dec 30 07:09:43 CST 2018
ER=1.0
IGD=1.0112028096142494
HV=0.0
EP=3.0689655172413794
SPREAD=1.166834543714179
GSPREAD=0.9560165508924492
IGD+=3.0070333212323153
GD=0.29690287522527997
TIME=219.17986392974854
