#saving the metrics
#Sun Dec 30 07:23:58 CST 2018
ER=1.0
IGD=0.9589939137036991
HV=0.0
EP=2.8620689655172415
SPREAD=1.1885330022895677
GSPREAD=1.0346715218207188
IGD+=2.8422901735729384
GD=0.2838824242988769
TIME=208.21666979789734
