#saving the metrics
#Sun Dec 30 08:01:40 CST 2018
ER=1.0
IGD=1.0044983241036738
HV=0.0
EP=2.9655172413793105
SPREAD=1.1820133614187764
GSPREAD=0.9488850502676204
IGD+=2.9814160468188136
GD=0.28221750801484424
TIME=220.88038635253906
