meanHV: 	0.9991119389169398	0.4860947626499078
meanET: 	75.56854628721872	196.78848565419514
p__Val: 	1.5089833992452233e-11	1.5099296795810785e-11
