#saving the metrics
#Fri Jan 11 00:20:21 CST 2019
ER=1.0
IGD=4.358898943540674
HV=0.0
EP=3.0
SPREAD=1.2221579836517966
GSPREAD=0.7080321550089947
IGD+=4.358898943540674
GD=1.0279980765310186
TIME=278.696133852005
