#saving the metrics
#Fri Jan 11 01:37:48 CST 2019
ER=1.0
IGD=4.242640687119285
HV=0.0
EP=3.0
SPREAD=1.2507996874278808
GSPREAD=0.41480394665030285
IGD+=4.242640687119285
GD=1.5471720966326403
TIME=269.86768341064453
