#saving the metrics
#Fri Jan 11 01:42:13 CST 2019
ER=1.0
IGD=5.385164807134504
HV=0.0
EP=4.0
SPREAD=1.3879378123726946
GSPREAD=1.1711326185699458
IGD+=5.385164807134504
GD=1.1737105145145825
TIME=264.4521701335907
