#saving the metrics
#Fri Jan 11 00:28:29 CST 2019
ER=0.2857142857142857
IGD=0.0
HV=1.0
EP=0.0
SPREAD=1.4664144807526514
GSPREAD=0.251690177725773
IGD+=0.0
GD=1.1647895491794005
TIME=238.88125443458557
