#saving the metrics
#Fri Jan 11 00:24:30 CST 2019
ER=1.0
IGD=1.7320508075688772
HV=0.0
EP=1.0
SPREAD=1.3181337570631142
GSPREAD=0.30275982249918515
IGD+=1.7320508075688772
GD=0.8244561183934914
TIME=247.6125020980835
