#saving the metrics
#Fri Jan 11 00:33:29 CST 2019
ER=1.0
IGD=4.123105625617661
HV=0.0
EP=4.0
SPREAD=1.3136074427950768
GSPREAD=1.0986600697111615
IGD+=4.123105625617661
GD=1.136410388648648
TIME=299.4593765735626
