#saving the metrics
#Fri Jan 11 02:20:17 CST 2019
ER=1.0
IGD=1.7320508075688772
HV=0.0
EP=1.0
SPREAD=1.2982576866769093
GSPREAD=0.6074217402690939
IGD+=1.7320508075688772
GD=1.171157537363895
TIME=277.8448977470398
