#saving the metrics
#Fri Jan 11 01:33:17 CST 2019
ER=1.0
IGD=2.23606797749979
HV=0.0
EP=2.0
SPREAD=1.3386774164168664
GSPREAD=1.1550176177915095
IGD+=2.23606797749979
GD=0.9978207546966547
TIME=255.83833003044128
