#saving the metrics
#Fri Jan 11 01:02:37 CST 2019
ER=1.0
IGD=5.0990195135927845
HV=0.0
EP=4.0
SPREAD=1.1749222704663331
GSPREAD=0.42308319296356156
IGD+=5.0990195135927845
GD=1.6241097334551795
TIME=312.0378279685974
