#saving the metrics
#Fri Jan 11 02:15:38 CST 2019
ER=1.0
IGD=7.280109889280518
HV=0.0
EP=6.0
SPREAD=1.2581682276515467
GSPREAD=0.8561234480548879
IGD+=7.280109889280518
GD=1.9169372775542495
TIME=375.2729597091675
