#saving the metrics
#Wed Jan 09 23:57:33 CST 2019
ER=1.0
IGD=0.8323887908310673
HV=0.0
EP=2.3793103448275863
SPREAD=1.2203612682546727
GSPREAD=1.3118499488363726
IGD+=2.4771202075831744
GD=0.25022713937662516
TIME=197.6394636631012
