#saving the metrics
#Wed Jan 09 23:38:03 CST 2019
ER=1.0
IGD=0.9642177126782607
HV=0.0
EP=2.9310344827586206
SPREAD=1.2478081241301928
GSPREAD=1.0553713637151012
IGD+=2.8609363684225553
GD=0.2540944079682049
TIME=194.3353831768036
