#saving the metrics
#Wed Jan 09 23:44:31 CST 2019
ER=1.0
IGD=1.0265722011270277
HV=0.0
EP=2.9655172413793105
SPREAD=1.1603182062620885
GSPREAD=0.8893465981606321
IGD+=3.046002746180783
GD=0.2872110151927453
TIME=205.53336477279663
