#saving the metrics
#Wed Jan 09 23:09:29 CST 2019
ER=1.0
IGD=1.0302040071751197
HV=0.0
EP=2.8030303030303028
SPREAD=1.2516911077060715
GSPREAD=1.1040092340409675
IGD+=3.079324937390527
GD=0.3031844683678456
TIME=211.9264886379242
