#saving the metrics
#Wed Jan 09 22:59:27 CST 2019
ER=1.0
IGD=0.8632058294971663
HV=0.0
EP=2.6551724137931036
SPREAD=1.1799419806181486
GSPREAD=0.8910339786209657
IGD+=2.569695292506876
GD=0.2563495289790755
TIME=195.35576462745667
