#saving the metrics
#Wed Jan 09 23:47:49 CST 2019
ER=1.0
IGD=1.0545129795801103
HV=0.0
EP=3.103448275862069
SPREAD=1.193524979331544
GSPREAD=0.9822433695144481
IGD+=3.0954027120134686
GD=0.26702186980340636
TIME=197.78454113006592
