#saving the metrics
#Wed Jan 09 23:25:12 CST 2019
ER=1.0
IGD=0.9138459542902313
HV=0.0
EP=2.586206896551724
SPREAD=1.1404476270520283
GSPREAD=1.0218476639791765
IGD+=2.6917797428571246
GD=0.2481500360404634
TIME=195.1414089202881
