#saving the metrics
#Thu Jan 10 00:14:26 CST 2019
ER=1.0
IGD=1.0708740598350095
HV=0.0
EP=3.1379310344827585
SPREAD=1.2108781404140856
GSPREAD=0.8695568068744827
IGD+=3.187729294082192
GD=0.2972548847998771
TIME=202.80724430084229
