#saving the metrics
#Thu Jan 10 00:34:46 CST 2019
ER=1.0
IGD=0.9587822114847326
HV=0.0
EP=2.896551724137931
SPREAD=1.256989484445232
GSPREAD=0.963575417156822
IGD+=2.837613545345034
GD=0.2564551084244697
TIME=193.52206230163574
