#saving the metrics
#Wed Jan 09 23:41:05 CST 2019
ER=1.0
IGD=0.8659053490875626
HV=0.0
EP=2.6551724137931036
SPREAD=1.1376923350467008
GSPREAD=0.8312419600539936
IGD+=2.5682342362609427
GD=0.23943888993374157
TIME=181.37779211997986
