#saving the metrics
#Wed Jan 09 23:18:55 CST 2019
ER=1.0
IGD=0.9126491063475457
HV=0.0
EP=2.7586206896551726
SPREAD=1.0381222507444532
GSPREAD=1.0419582195723862
IGD+=2.7128843877123865
GD=0.25987655955094613
TIME=195.8243486881256
