#saving the metrics
#Thu Jan 10 00:11:03 CST 2019
ER=1.0
IGD=0.9847426722844733
HV=0.0
EP=2.8620689655172415
SPREAD=1.1464460255346829
GSPREAD=1.096961074026038
IGD+=2.9202252735851073
GD=0.2637712071013498
TIME=187.81001830101013
