#saving the metrics
#Wed Jan 09 23:21:57 CST 2019
ER=1.0
IGD=0.8298986882756191
HV=0.0
EP=2.3793103448275863
SPREAD=1.2259771146284761
GSPREAD=1.13904568862006
IGD+=2.4675951831415937
GD=0.24529857732158608
TIME=181.86280751228333
