#saving the metrics
#Thu Jan 10 00:31:32 CST 2019
ER=1.0
IGD=1.1222901078174425
HV=0.0
EP=3.3448275862068964
SPREAD=1.1365622147046093
GSPREAD=0.8639341092585427
IGD+=3.349261681543643
GD=0.3071378093590857
TIME=212.5668547153473
