#saving the metrics
#Thu Jan 10 00:21:04 CST 2019
ER=1.0
IGD=1.0697334132975092
HV=0.0
EP=3.2758620689655173
SPREAD=1.1981493152389
GSPREAD=0.8953596425633535
IGD+=3.183461871154417
GD=0.27910631759313304
TIME=202.3106973171234
