#saving the metrics
#Wed Jan 09 23:05:57 CST 2019
ER=1.0
IGD=1.0910199419737832
HV=0.0
EP=3.3448275862068964
SPREAD=1.1764566374914072
GSPREAD=0.8365641770798011
IGD+=3.24362128999916
GD=0.2779538779903161
TIME=199.83031845092773
