#saving the metrics
#Thu Jan 10 00:27:59 CST 2019
ER=1.0
IGD=1.0360014177483352
HV=0.0
EP=3.1724137931034484
SPREAD=1.12874984457821
GSPREAD=1.069619654955547
IGD+=3.0822103190215233
GD=0.2886993061403362
TIME=209.19969296455383
