#saving the metrics
#Thu Jan 17 04:54:18 CST 2019
ER=1.0
IGD=108.01388799594245
HV=0.0
EP=106.0
SPREAD=1.113941760861381
GSPREAD=0.8982290780479324
IGD+=108.01388799594245
GD=13.45182046872848
TIME=855.229332447052
