#saving the metrics
#Thu Jan 17 06:45:43 CST 2019
ER=1.0
IGD=90.41017641836565
HV=0.0
EP=83.0
SPREAD=1.098353274606574
GSPREAD=0.8833046741469079
IGD+=90.41017641836565
GD=11.315864888992843
TIME=821.3090994358063
