#saving the metrics
#Thu Jan 17 02:41:38 CST 2019
ER=1.0
IGD=96.031244915392
HV=0.0
EP=92.0
SPREAD=1.1444314160671263
GSPREAD=0.9015974786829278
IGD+=96.031244915392
GD=13.1193475032703
TIME=824.5717506408691
