#saving the metrics
#Thu Jan 17 02:56:21 CST 2019
ER=1.0
IGD=118.5833040524677
HV=0.0
EP=115.0
SPREAD=1.1137075405541028
GSPREAD=1.0605986433692607
IGD+=118.5833040524677
GD=13.920112205349634
TIME=881.8611266613007
