#saving the metrics
#Thu Jan 17 01:16:50 CST 2019
ER=1.0
IGD=105.11422358558332
HV=0.0
EP=98.0
SPREAD=1.1236900604508575
GSPREAD=0.9117843685157349
IGD+=105.11422358558332
GD=13.966026157118396
TIME=834.2234420776367
