#saving the metrics
#Thu Jan 17 04:11:23 CST 2019
ER=1.0
IGD=126.11502686040232
HV=0.0
EP=117.0
SPREAD=1.1020211416544257
GSPREAD=0.840088500329107
IGD+=126.11502686040232
GD=15.127056746273833
TIME=883.0573077201843
