#saving the metrics
#Thu Jan 17 05:09:10 CST 2019
ER=1.0
IGD=125.2078272313676
HV=0.0
EP=119.0
SPREAD=1.121097782071058
GSPREAD=1.2284461204365087
IGD+=125.2078272313676
GD=15.124799056029168
TIME=890.7988941669464
