#saving the metrics
#Thu Jan 17 05:49:45 CST 2019
ER=1.0
IGD=87.8521485223896
HV=0.0
EP=84.0
SPREAD=1.0667559904564041
GSPREAD=0.8930258465598738
IGD+=87.8521485223896
GD=13.116322420259404
TIME=816.3278810977936
