#saving the metrics
#Thu Jan 17 05:36:08 CST 2019
ER=1.0
IGD=99.49371839468057
HV=0.0
EP=95.0
SPREAD=1.116047765537305
GSPREAD=0.9176395463802903
IGD+=99.49371839468057
GD=13.803509363502432
TIME=835.8618004322052
