#saving the metrics
#Thu Jan 17 07:13:36 CST 2019
ER=1.0
IGD=94.18067742376883
HV=0.0
EP=84.0
SPREAD=1.1905324612985544
GSPREAD=0.9072728559097424
IGD+=94.18067742376883
GD=12.9232129560174
TIME=802.7076237201691
