#saving the metrics
#Thu Jan 17 07:27:42 CST 2019
ER=1.0
IGD=95.71311299921238
HV=0.0
EP=89.0
SPREAD=1.2619030455050713
GSPREAD=0.8990700842806028
IGD+=95.71311299921238
GD=13.479434238583243
TIME=845.8262736797333
