#saving the metrics
#Thu Jan 17 03:26:15 CST 2019
ER=1.0
IGD=104.65180361560904
HV=0.0
EP=100.0
SPREAD=1.1783114056970339
GSPREAD=0.9756026529659171
IGD+=104.65180361560904
GD=14.419157702290983
TIME=887.5982944965363
