#saving the metrics
#Thu Jan 17 06:03:45 CST 2019
ER=1.0
IGD=98.2089608946149
HV=0.0
EP=92.0
SPREAD=1.1466013575427676
GSPREAD=0.8679983151116626
IGD+=98.2089608946149
GD=13.082681425762146
TIME=839.384152173996
