#saving the metrics
#Thu Jan 17 02:27:53 CST 2019
ER=1.0
IGD=110.80613701415639
HV=0.0
EP=105.0
SPREAD=1.2227682053883078
GSPREAD=0.8595333070113421
IGD+=110.80613701415639
GD=14.467541275797123
TIME=842.0943574905396
