#saving the metrics
#Sun Feb 03 11:06:32 CST 2019
ER=1.0
IGD=0.6431260460524912
HV=0.0
EP=1.5
SPREAD=1.5748309127873859
GSPREAD=0.5804617008411355
IGD+=1.3876824718937553
GD=0.28661976228625785
TIME=465.33446073532104
