#saving the metrics
#Wed Jan 09 11:44:16 CST 2019
ER=1.0
IGD=0.3398324750683947
HV=0.16145833333333334
EP=0.75
SPREAD=1.4464748226247015
GSPREAD=1.1961400750501552
IGD+=0.6333333333333333
GD=0.09861170994037464
TIME=262.6633269786835
