#saving the metrics
#Wed Jan 09 13:17:22 CST 2019
ER=1.0
IGD=0.2782634642844
HV=1.0
EP=0.0
SPREAD=1.6345887109732602
GSPREAD=1.1320387335136501
IGD+=0.0
GD=0.0735434271467738
TIME=256.61540603637695
