#saving the metrics
#Sat Dec 29 12:45:26 CST 2018
ER=1.0
IGD=0.13693063937629155
HV=0.5520833333333335
EP=0.3333333333333333
SPREAD=1.2604333349731036
GSPREAD=0.980791681944793
IGD+=0.2
GD=0.09125431199840287
TIME=232.14745545387268
