#saving the metrics
#Wed Jan 09 12:54:03 CST 2019
ER=1.0
IGD=0.3011551833265442
HV=0.09027777777777779
EP=0.6666666666666666
SPREAD=1.2654676961427112
GSPREAD=0.7367306780121751
IGD+=0.6439230671910361
GD=0.12369372891924682
TIME=254.09963178634644
