#saving the metrics
#Wed Jan 09 13:35:32 CST 2019
ER=1.0
IGD=0.24579802006254375
HV=0.22395833333333337
EP=0.625
SPREAD=1.3052427163518219
GSPREAD=0.8302009622501619
IGD+=0.46673209147247474
GD=0.07590575935560467
TIME=247.88367581367493
