#saving the metrics
#Sat Dec 29 13:27:25 CST 2018
ER=1.0
IGD=0.24523231615936938
HV=0.2777777777777778
EP=0.5
SPREAD=1.3552678176839814
GSPREAD=0.7302808485566782
IGD+=0.44330974574373394
GD=0.10394098757933273
TIME=299.3791353702545
