#saving the metrics
#Wed Jan 09 13:40:19 CST 2019
ER=1.0
IGD=0.3304037933599835
HV=0.10763888888888888
EP=0.75
SPREAD=1.415733910799221
GSPREAD=0.4914150872794089
IGD+=0.6768865258502477
GD=0.06454850266482644
TIME=286.8577423095703
