#saving the metrics
#Sat Dec 29 14:38:18 CST 2018
ER=1.0
IGD=0.3556098048891978
HV=0.09375
EP=0.8333333333333334
SPREAD=1.4032100766930378
GSPREAD=0.5499033163757621
IGD+=0.7353447287666601
GD=0.07470863872691243
TIME=293.1686210632324
