#saving the metrics
#Wed Jan 09 13:31:24 CST 2019
ER=1.0
IGD=0.4118892785419132
HV=0.08333333333333334
EP=0.7083333333333334
SPREAD=1.3699266563592822
GSPREAD=0.9320689808374549
IGD+=0.705602542697236
GD=0.09959605994953011
TIME=284.6222097873688
