#saving the metrics
#Sun Feb 03 08:20:51 CST 2019
ER=1.0
IGD=1.1557224772601962
HV=0.0
EP=2.625
SPREAD=1.1563351983552672
GSPREAD=0.5655554987447133
IGD+=2.4267049297318777
GD=0.18223533980217532
TIME=467.7398564815521
