#saving the metrics
#Sat Dec 29 14:23:49 CST 2018
ER=1.0
IGD=0.5139039036845529
HV=0.0
EP=1.0
SPREAD=1.38294896760711
GSPREAD=0.6558545616609394
IGD+=0.9239554326922657
GD=0.09035079029052516
TIME=301.76149916648865
