#saving the metrics
#Wed Jan 09 12:16:26 CST 2019
ER=1.0
IGD=0.15877132402714708
HV=0.4600694444444444
EP=0.375
SPREAD=1.2714730902111833
GSPREAD=0.6963234851194979
IGD+=0.2197912970013569
GD=0.08644238086945809
TIME=209.13319778442383
