#saving the metrics
#Wed Jan 09 12:24:57 CST 2019
ER=1.0
IGD=0.19057661043382118
HV=0.5694444444444444
EP=0.3333333333333333
SPREAD=1.4095531420532592
GSPREAD=1.086841221996678
IGD+=0.24212820948447847
GD=0.14433265777284518
TIME=261.84069061279297
