#saving the metrics
#Sun Feb 03 12:12:19 CST 2019
ER=1.0
IGD=0.8634958019585272
HV=0.0
EP=2.0
SPREAD=1.3975855971697144
GSPREAD=0.8055288567317467
IGD+=1.8922388872474172
GD=0.1692166045613115
TIME=541.3175060749054
