#saving the metrics
#Sat Dec 29 12:55:38 CST 2018
ER=1.0
IGD=0.12190615698606495
HV=0.28472222222222227
EP=0.3333333333333333
SPREAD=1.2442913562704188
GSPREAD=0.7751126852447999
IGD+=0.26062913642326185
GD=0.07010344909637374
TIME=275.7643139362335
