#saving the metrics
#Sat Dec 29 14:14:17 CST 2018
ER=1.0
IGD=0.1896634446123507
HV=0.4895833333333334
EP=0.3333333333333333
SPREAD=1.3507128009696294
GSPREAD=1.0621149905870413
IGD+=0.19479129700135694
GD=0.1846325844266075
TIME=303.30360078811646
