#saving the metrics
#Sat Dec 29 15:04:24 CST 2018
ER=1.0
IGD=0.3477107674170844
HV=0.13194444444444445
EP=0.7083333333333334
SPREAD=1.3306382683280504
GSPREAD=0.8314541459400451
IGD+=0.6712000312109794
GD=0.06889922020401677
TIME=297.00783133506775
