#saving the metrics
#Sat Dec 29 13:46:45 CST 2018
ER=1.0
IGD=0.3868498129478387
HV=0.038194444444444454
EP=0.875
SPREAD=1.3414968614283924
GSPREAD=0.8452009092787203
IGD+=0.7668649670135721
GD=0.14701724917351616
TIME=289.4256982803345
