#saving the metrics
#Wed Jan 09 12:45:04 CST 2019
ER=1.0
IGD=0.20395397084200698
HV=0.8454861111111112
EP=0.08333333333333333
SPREAD=1.4669460365092801
GSPREAD=0.5238731991945449
IGD+=0.016666666666666666
GD=0.06648335530891752
TIME=237.65225648880005
