#saving the metrics
#Sat Dec 29 12:59:29 CST 2018
ER=1.0
IGD=0.2825970826302195
HV=1.0
EP=0.0
SPREAD=1.6638686068209207
GSPREAD=1.1858650350270454
IGD+=0.0
GD=0.07539369249965598
TIME=231.17576265335083
