#saving the metrics
#Sun Feb 03 08:53:47 CST 2019
ER=1.0
IGD=1.5406753569638076
HV=0.0
EP=3.5
SPREAD=1.0
GSPREAD=1.0
IGD+=3.3
GD=0.2439750182371333
TIME=1072.037859916687
