#saving the metrics
#Sat Dec 29 13:12:24 CST 2018
ER=1.0
IGD=0.15942605391424158
HV=0.6180555555555556
EP=0.3333333333333333
SPREAD=1.3910692106101277
GSPREAD=0.7692135092799961
IGD+=0.11666666666666665
GD=0.06757226938486763
TIME=222.44658041000366
