#saving the metrics
#Sun Feb 03 09:29:12 CST 2019
ER=1.0
IGD=0.9715751815136764
HV=0.0
EP=2.25
SPREAD=1.3608712885670622
GSPREAD=0.7274087422808383
IGD+=2.0720984611632294
GD=0.18370187310123426
TIME=444.71264934539795
