#saving the metrics
#Sun Feb 03 09:00:20 CST 2019
ER=1.0
IGD=0.7223130284794198
HV=0.0
EP=1.625
SPREAD=1.3742096284679874
GSPREAD=0.49313783716449133
IGD+=1.464147630029935
GD=0.11881988800210366
TIME=392.47169637680054
