#saving the metrics
#Wed Jan 09 12:58:44 CST 2019
ER=1.0
IGD=0.29953667926019045
HV=0.1979166666666667
EP=0.6666666666666666
SPREAD=1.3164141964312266
GSPREAD=0.5297299704610771
IGD+=0.5444251938031346
GD=0.09355490113472974
TIME=280.9259054660797
