#saving the metrics
#Sun Feb 03 11:14:49 CST 2019
ER=1.0
IGD=1.097123764921513
HV=0.0
EP=2.5
SPREAD=1.0896994117245253
GSPREAD=0.41687994143914797
IGD+=2.304138126514911
GD=0.16740106527160767
TIME=496.3609983921051
