#saving the metrics
#Sat Dec 29 14:28:35 CST 2018
ER=1.0
IGD=0.29427405971682624
HV=0.2204861111111111
EP=0.625
SPREAD=1.302526849257214
GSPREAD=0.614105296167325
IGD+=0.5560909988554686
GD=0.13540703640389068
TIME=285.4461088180542
