#saving the metrics
#Sun Feb 03 09:21:47 CST 2019
ER=1.0
IGD=0.46822655959600484
HV=0.0
EP=1.0
SPREAD=1.5377167864337922
GSPREAD=0.5263559129894715
IGD+=0.8594097764682693
GD=0.042257712736425805
TIME=375.2589499950409
