#saving the metrics
#Sun Feb 03 10:08:42 CST 2019
ER=1.0
IGD=0.5129571132170798
HV=0.0
EP=1.0
SPREAD=1.3896020956249842
GSPREAD=0.9282076136456877
IGD+=0.9704465692068525
GD=0.07713534485598612
TIME=419.6118869781494
