#saving the metrics
#Sat Dec 29 14:49:34 CST 2018
ER=1.0
IGD=0.635850261897843
HV=0.0
EP=1.375
SPREAD=1.2837820042136139
GSPREAD=0.7237386740884846
IGD+=1.3998865693963807
GD=0.1755857095432815
TIME=312.59932041168213
