#saving the metrics
#Sat Dec 29 14:59:27 CST 2018
ER=1.0
IGD=0.5387098786297996
HV=0.0
EP=1.125
SPREAD=1.3918272686357724
GSPREAD=0.531781018203675
IGD+=1.0902908686260775
GD=0.10015027132041651
TIME=317.0270965099335
