#saving the metrics
#Sat Dec 29 14:05:02 CST 2018
ER=1.0
IGD=0.22806553639006683
HV=0.75
EP=0.25
SPREAD=1.5618198065183406
GSPREAD=0.8208529301599158
IGD+=0.2
GD=0.07157722626455915
TIME=268.9372079372406
