#saving the metrics
#Sun Feb 03 07:56:24 CST 2019
ER=1.0
IGD=0.6946221994724902
HV=0.0
EP=1.375
SPREAD=1.4840003181434465
GSPREAD=0.7811661834513871
IGD+=1.3782570983748306
GD=0.10285741842996596
TIME=596.8361895084381
