#saving the metrics
#Wed Jan 09 12:33:03 CST 2019
ER=1.0
IGD=0.24692553983381754
HV=0.2118055555555556
EP=0.5
SPREAD=1.3893893205361965
GSPREAD=0.7704532962565181
IGD+=0.4951586032886305
GD=0.09814351306102038
TIME=248.52316570281982
