#saving the metrics
#Sat Dec 29 12:51:01 CST 2018
ER=1.0
IGD=0.495395464923395
HV=0.0
EP=1.125
SPREAD=1.314903111545012
GSPREAD=0.5755435850547964
IGD+=1.04512633907426
GD=0.1229396845480949
TIME=335.31573033332825
