#saving the metrics
#Wed Jan 09 13:04:12 CST 2019
ER=1.0
IGD=0.4622559416119554
HV=0.0
EP=1.0
SPREAD=1.3237663133833206
GSPREAD=0.417724746535338
IGD+=0.9178535640900991
GD=0.12109027988692558
TIME=327.72887134552
