#saving the metrics
#Wed Jan 09 11:56:55 CST 2019
ER=1.0
IGD=0.26990224567836074
HV=0.22222222222222227
EP=0.625
SPREAD=1.3313486061665163
GSPREAD=0.473361032333684
IGD+=0.5377666839370964
GD=0.12153615941293996
TIME=315.42377972602844
