#saving the metrics
#Wed Jan 09 13:08:12 CST 2019
ER=1.0
IGD=0.18427786989579983
HV=0.3836805555555556
EP=0.375
SPREAD=1.3230646431268414
GSPREAD=0.9163428919101779
IGD+=0.3465890442299665
GD=0.0763669830474744
TIME=239.16044664382935
