#saving the metrics
#Wed Jan 09 12:28:54 CST 2019
ER=1.0
IGD=0.25900450446533424
HV=0.2465277777777778
EP=0.625
SPREAD=1.3070917401428288
GSPREAD=0.9550049413121446
IGD+=0.511851709182133
GD=0.0862399372829368
TIME=237.58776807785034
