#saving the metrics
#Wed Jan 09 12:49:48 CST 2019
ER=1.0
IGD=0.13307266185559424
HV=0.7447916666666666
EP=0.125
SPREAD=1.4712190060960897
GSPREAD=0.5972087626339141
IGD+=0.125
GD=0.05731483160487071
TIME=283.9468836784363
