#saving the metrics
#Sat Dec 29 13:37:39 CST 2018
ER=1.0
IGD=0.5912557258355587
HV=0.0
EP=1.25
SPREAD=1.290667468528599
GSPREAD=0.8577777010342682
IGD+=1.2546756179413776
GD=0.13596178582912663
TIME=358.95756459236145
