#saving the metrics
#Wed Jan 09 12:01:43 CST 2019
ER=1.0
IGD=0.3104656001699526
HV=0.14930555555555558
EP=0.625
SPREAD=1.3428561096217926
GSPREAD=0.7405775051020191
IGD+=0.5957344833048415
GD=0.11036669564768384
TIME=287.5473265647888
