#saving the metrics
#Sat Dec 29 13:41:55 CST 2018
ER=1.0
IGD=0.23422448870925328
HV=0.38194444444444453
EP=0.3333333333333333
SPREAD=1.3494048316498315
GSPREAD=0.6786131353487388
IGD+=0.275
GD=0.10737922193844968
TIME=255.4001829624176
