#saving the metrics
#Sun Feb 03 11:45:13 CST 2019
ER=1.0
IGD=1.8074114393549443
HV=0.0
EP=4.125
SPREAD=1.2167928224995792
GSPREAD=1.0604394606476686
IGD+=3.925055553086639
GD=0.36777280244081045
TIME=855.8319056034088
