#saving the metrics
#Sun Feb 03 08:13:03 CST 2019
ER=1.0
IGD=0.5158595846847387
HV=0.0
EP=1.125
SPREAD=1.4422003784253457
GSPREAD=0.6743208670883128
IGD+=0.9917426123537798
GD=0.05640786126772753
TIME=307.6541404724121
