#saving the metrics
#Wed Jan 09 12:37:06 CST 2019
ER=1.0
IGD=0.3256403947096654
HV=0.07812500000000001
EP=0.75
SPREAD=1.3164821599302474
GSPREAD=0.5391440650001939
IGD+=0.6828833599540572
GD=0.11800068752975805
TIME=242.230886220932
