#saving the metrics
#Sat Dec 29 13:08:41 CST 2018
ER=1.0
IGD=0.23950179771999855
HV=0.24305555555555555
EP=0.5
SPREAD=1.3072365321859245
GSPREAD=0.6506896895026026
IGD+=0.5010043646365526
GD=0.10862655822090486
TIME=246.29697585105896
