#saving the metrics
#Sat Dec 29 14:00:33 CST 2018
ER=1.0
IGD=0.20632364005233245
HV=0.43055555555555564
EP=0.3333333333333333
SPREAD=1.3577450703442249
GSPREAD=0.630608692985143
IGD+=0.302051760426961
GD=0.16812850967993426
TIME=291.0209105014801
