#saving the metrics
#Sat Dec 29 14:44:21 CST 2018
ER=1.0
IGD=0.8756743433237926
HV=0.0
EP=2.0
SPREAD=1.3179995855285953
GSPREAD=0.9253547744149488
IGD+=1.8476947271432393
GD=0.20252873533633747
TIME=362.5341145992279
