#saving the metrics
#Sat Dec 29 13:31:40 CST 2018
ER=1.0
IGD=0.39756201472921876
HV=0.0625
EP=0.625
SPREAD=1.4473891250498425
GSPREAD=0.9715002441134796
IGD+=0.6389657863153727
GD=0.05144822522753076
TIME=254.4456434249878
