#saving the metrics
#Sun Feb 03 10:32:58 CST 2019
ER=1.0
IGD=0.5802896786184562
HV=0.0
EP=1.375
SPREAD=1.4346428698046987
GSPREAD=1.0564681109122247
IGD+=1.2617855083613223
GD=0.14678034486847255
TIME=381.1796934604645
