#saving the metrics
#Sat Dec 29 13:55:41 CST 2018
ER=1.0
IGD=0.39607448794387146
HV=0.05555555555555555
EP=0.875
SPREAD=1.3472712059985008
GSPREAD=0.9276687471029911
IGD+=0.785393078680303
GD=0.11490339583932857
TIME=330.83980083465576
