#saving the metrics
#Sun Feb 03 12:03:17 CST 2019
ER=1.0
IGD=0.3844187531556932
HV=0.006944444444444444
EP=0.875
SPREAD=1.3554419133627316
GSPREAD=1.2323417727934727
IGD+=0.8215905278918652
GD=0.1281770602742521
TIME=399.44022846221924
