#saving the metrics
#Wed Jan 09 12:41:06 CST 2019
ER=1.0
IGD=0.2160246899469287
HV=0.3402777777777778
EP=0.5
SPREAD=1.3608853373273637
GSPREAD=0.5355153987454685
IGD+=0.3594200752862944
GD=0.07426680331804973
TIME=239.87619185447693
