#saving the metrics
#Sun Feb 03 08:35:55 CST 2019
ER=1.0
IGD=0.5013869652163775
HV=0.0
EP=1.125
SPREAD=1.5001345860889448
GSPREAD=0.6673270074366202
IGD+=1.0697151507545464
GD=0.06919114803200188
TIME=361.7169098854065
