#saving the metrics
#Wed Jan 09 12:09:29 CST 2019
ER=1.0
IGD=0.2203217344400381
HV=0.32986111111111116
EP=0.5
SPREAD=1.3118685763729414
GSPREAD=0.6925995491183562
IGD+=0.37471840705977905
GD=0.08199895377538051
TIME=215.91798853874207
