#saving the metrics
#Wed Jan 09 12:20:34 CST 2019
ER=1.0
IGD=0.29790938219532465
HV=0.9947916666666666
EP=0.0
SPREAD=1.6185408005715742
GSPREAD=1.2666326532578462
IGD+=0.0
GD=0.0741022952665382
TIME=248.1056408882141
