#saving the metrics
#Sun Feb 03 11:56:37 CST 2019
ER=1.0
IGD=1.1456742313783812
HV=0.0
EP=2.625
SPREAD=1.33362629094349
GSPREAD=0.5012378361855994
IGD+=2.4369236232715332
GD=0.20447562120561585
TIME=684.4090442657471
