#saving the metrics
#Sat Dec 29 13:04:34 CST 2018
ER=1.0
IGD=0.3893548795407889
HV=0.04166666666666667
EP=0.875
SPREAD=1.344775514244448
GSPREAD=0.7100695859460076
IGD+=0.7699773568402464
GD=0.08749797535720458
TIME=304.95797324180603
