#saving the metrics
#Wed Jan 09 11:51:39 CST 2019
ER=1.0
IGD=0.2214221709264404
HV=0.576388888888889
EP=0.3333333333333333
SPREAD=1.3281285255253452
GSPREAD=0.8398214609682904
IGD+=0.12953336454431275
GD=0.08793511115732124
TIME=226.3306713104248
