#saving the metrics
#Wed Jan 09 13:26:39 CST 2019
ER=1.0
IGD=0.24381231397212985
HV=0.45138888888888895
EP=0.375
SPREAD=1.334305090715807
GSPREAD=0.9452343354481606
IGD+=0.3420132881566024
GD=0.1310088863179924
TIME=236.3923544883728
