#saving the metrics
#Sat Dec 29 13:17:15 CST 2018
ER=1.0
IGD=0.46188021535170065
HV=0.0
EP=1.0
SPREAD=1.5744457641451497
GSPREAD=1.2454909037388635
IGD+=0.8358185106778919
GD=0.04857992196722995
TIME=290.9437336921692
