#saving the metrics
#Wed Jan 09 12:12:56 CST 2019
ER=1.0
IGD=0.1258305739211792
HV=0.5833333333333334
EP=0.3333333333333333
SPREAD=1.3560051789869532
GSPREAD=0.706012430184373
IGD+=0.1648887036036401
GD=0.0925258640884875
TIME=207.35654759407043
