#saving the metrics
#Sat Dec 29 14:09:13 CST 2018
ER=1.0
IGD=0.3204814087171568
HV=0.14930555555555558
EP=0.75
SPREAD=1.3516305017579253
GSPREAD=1.2121018823395386
IGD+=0.6409068179543349
GD=0.19520905707399658
TIME=250.51722168922424
