#saving the metrics
#Sat Dec 29 14:18:47 CST 2018
ER=1.0
IGD=0.28099525500145606
HV=0.20138888888888892
EP=0.5
SPREAD=1.3823349852741313
GSPREAD=0.5445699134284399
IGD+=0.5246183931192292
GD=0.11016176062800162
TIME=268.9432260990143
