#saving the metrics
#Wed Jan 09 12:05:52 CST 2019
ER=1.0
IGD=0.17579185924774154
HV=0.3993055555555557
EP=0.3333333333333333
SPREAD=1.3491968821214901
GSPREAD=0.7412627809930357
IGD+=0.2967981092155326
GD=0.10711713389038138
TIME=249.05444359779358
