#saving the metrics
#Sat Dec 29 13:22:25 CST 2018
ER=1.0
IGD=0.19238993967691992
HV=0.3246527777777778
EP=0.375
SPREAD=1.3596014410320296
GSPREAD=0.810521477583333
IGD+=0.36253149769337056
GD=0.09659744178619428
TIME=309.2885162830353
