#saving the metrics
#Wed Jan 09 13:22:42 CST 2019
ER=1.0
IGD=0.5224142672885825
HV=0.0
EP=1.125
SPREAD=1.4416585207908368
GSPREAD=0.7222200797456084
IGD+=1.1056954369673013
GD=0.08100196893923786
TIME=320.16637659072876
