#saving the metrics
#Wed Jan 09 13:48:27 CST 2019
ER=1.0
IGD=0.34105636549468543
HV=1.0
EP=0.0
SPREAD=1.6007738584851554
GSPREAD=1.3515231092436968
IGD+=0.0
GD=0.07928865367861153
TIME=238.4300560951233
