#saving the metrics
#Wed Jan 09 13:13:04 CST 2019
ER=1.0
IGD=0.4351723796382303
HV=0.0
EP=1.0
SPREAD=1.470451184192728
GSPREAD=0.5403867342206314
IGD+=0.8300462606288666
GD=0.057713203056183646
TIME=292.42207050323486
