#saving the metrics
#Sun Feb 03 09:35:10 CST 2019
ER=1.0
IGD=0.7639444424243893
HV=0.0
EP=1.75
SPREAD=1.3727966682205237
GSPREAD=0.813828242387101
IGD+=1.6484866398968017
GD=0.13612499350741883
TIME=358.16247844696045
