#saving the metrics
#Sat Dec 29 13:50:10 CST 2018
ER=1.0
IGD=0.196143371598997
HV=0.6562500000000001
EP=0.375
SPREAD=1.4853459981906614
GSPREAD=0.6785019218092075
IGD+=0.16666666666666666
GD=0.060199864481138975
TIME=205.24984550476074
