#saving the metrics
#Sat Dec 29 14:33:25 CST 2018
ER=1.0
IGD=0.36381466588238454
HV=0.17881944444444445
EP=0.75
SPREAD=1.384558690193539
GSPREAD=0.6361029914899824
IGD+=0.639147630029935
GD=0.07452503506607629
TIME=289.64124155044556
