#saving the metrics
#Sun Feb 03 10:58:46 CST 2019
ER=1.0
IGD=1.2643894002859861
HV=0.0
EP=2.875
SPREAD=1.0687859038956797
GSPREAD=0.43418333734615827
IGD+=2.6758324094593227
GD=0.1996773190576029
TIME=931.4871127605438
