#saving the metrics
#Sun Feb 03 10:17:38 CST 2019
ER=1.0
IGD=0.5914318782976334
HV=0.0
EP=1.375
SPREAD=1.4728403337021387
GSPREAD=0.5725737121421917
IGD+=1.2247219128924647
GD=0.08051840569604388
TIME=534.8593745231628
