#saving the metrics
#Wed Jan 09 11:47:53 CST 2019
ER=1.0
IGD=0.3081080257889358
HV=1.0
EP=0.0
SPREAD=1.6146135908981258
GSPREAD=1.2206907469675128
IGD+=0.0
GD=0.0777706912871451
TIME=216.58080196380615
