#saving the metrics
#Sat Dec 29 14:54:09 CST 2018
ER=1.0
IGD=0.23687784005919826
HV=0.18055555555555558
EP=0.625
SPREAD=1.2059941261683411
GSPREAD=0.4982119354528302
IGD+=0.511387308432126
GD=0.07693297269526185
TIME=274.29345417022705
