#saving the metrics
#Wed Jan 09 13:44:28 CST 2019
ER=1.0
IGD=0.19895560643855537
HV=0.4930555555555556
EP=0.375
SPREAD=1.393322283862036
GSPREAD=0.4016180985731907
IGD+=0.23573171525023012
GD=0.059355582382703664
TIME=248.6301782131195
