#saving the metrics
#Mon Jan 14 07:28:44 CST 2019
ER=1.0
IGD=1.4142135623730951
HV=0.0
EP=1.0
SPREAD=1.3971506081126912
GSPREAD=0.9736138699512017
IGD+=1.4142135623730951
GD=0.7223669835733886
TIME=298.52686953544617
