#saving the metrics
#Mon Dec 31 07:28:01 CST 2018
ER=1.0
IGD=0.05718413277909458
HV=0.46441558441558434
EP=0.2499999999999999
SPREAD=0.5361164250067263
GSPREAD=0.35703897952672253
IGD+=0.2518555789215009
GD=0.04066283056987426
TIME=266.05354166030884
