#saving the metrics
#Mon Dec 31 05:52:52 CST 2018
ER=1.0
IGD=0.10026341311712297
HV=0.256082251082251
EP=0.4090909090909091
SPREAD=0.651096971064076
GSPREAD=0.4010234352928315
IGD+=0.44477521037294904
GD=0.06497107922014587
TIME=274.5461256504059
