#saving the metrics
#Mon Dec 31 06:24:34 CST 2018
ER=1.0
IGD=0.06649158557577757
HV=0.37508658008657997
EP=0.2727272727272727
SPREAD=0.6645139851515097
GSPREAD=0.36087367193802605
IGD+=0.29576600936491004
GD=0.04856584526791892
TIME=270.5524764060974
