#saving the metrics
#Mon Dec 31 06:51:47 CST 2018
ER=1.0
IGD=0.052979745535129484
HV=0.47777056277056285
EP=0.22727272727272727
SPREAD=0.5910090780068711
GSPREAD=0.34655400186661334
IGD+=0.23288901730490935
GD=0.04385388481177273
TIME=271.43585896492004
