#saving the metrics
#Mon Dec 31 05:57:17 CST 2018
ER=1.0
IGD=0.06882686606796899
HV=0.37989177489177495
EP=0.2833333333333333
SPREAD=0.578542676974216
GSPREAD=0.3737419860382631
IGD+=0.2966541640705572
GD=0.049357779353380565
TIME=264.3359453678131
