#saving the metrics
#Mon Dec 31 07:37:03 CST 2018
ER=1.0
IGD=0.04852089240787128
HV=0.5048484848484849
EP=0.2
SPREAD=0.5859108570047842
GSPREAD=0.3659345043621943
IGD+=0.2131162295199147
GD=0.0438335397736881
TIME=270.2356629371643
