#saving the metrics
#Mon Dec 31 06:56:17 CST 2018
ER=1.0
IGD=0.07862076954205227
HV=0.3724025974025973
EP=0.3142857142857143
SPREAD=0.6242706659445763
GSPREAD=0.35656016600667395
IGD+=0.3465192710010831
GD=0.0483056637097209
TIME=269.3542902469635
