#saving the metrics
#Mon Dec 31 05:48:17 CST 2018
ER=1.0
IGD=0.07328111161737254
HV=0.36616883116883114
EP=0.2857142857142857
SPREAD=0.6491043968422229
GSPREAD=0.4045955912170673
IGD+=0.323231687224656
GD=0.051615868583949426
TIME=274.10795998573303
