#saving the metrics
#Mon Dec 31 05:33:55 CST 2018
ER=1.0
IGD=0.06367228221082935
HV=0.4053463203463202
EP=0.24999999999999994
SPREAD=0.577768699145775
GSPREAD=0.3788646454919448
IGD+=0.2825586428405395
GD=0.05042678591186011
TIME=326.82013297080994
