meanHV: 	1.0	0.5913604488929329
meanET: 	402.00050699710846	849.8526053110759
p__Val: 	6.058901985029879e-13	1.5099296795810785e-11
