meanHV: 	0.9951747037684537	0.904079254079254
meanET: 	141.09498981634775	256.790216422081
p__Val: 	5.493216306892989e-07	1.5099296795810785e-11
