meanHV: 	0.9951747037684537	0.9041718264374514
meanET: 	141.09498981634775	256.790216422081
p__Val: 	2.8074355954530822e-06	1.5099296795810785e-11
