#saving the metrics
#Tue Jan 15 11:18:44 CST 2019
ER=1.0
IGD=51.0
HV=0.0
EP=41.0
SPREAD=1.1681557733665222
GSPREAD=1.145872466935697
IGD+=51.0
GD=7.675398753924518
TIME=217.6688733100891
