#saving the metrics
#Tue Jan 15 11:00:49 CST 2019
ER=1.0
IGD=40.17461885320133
HV=0.0
EP=35.0
SPREAD=1.1395612579123182
GSPREAD=1.1155629012459574
IGD+=40.17461885320133
GD=6.12089095822242
TIME=201.66225051879883
