#saving the metrics
#Tue Jan 15 11:22:00 CST 2019
ER=1.0
IGD=36.373066958946424
HV=0.0
EP=29.0
SPREAD=1.1728484833883832
GSPREAD=1.0050478272354124
IGD+=36.373066958946424
GD=6.342199308086436
TIME=194.75390625
