#saving the metrics
#Tue Jan 15 10:50:02 CST 2019
ER=1.0
IGD=44.01136216933077
HV=0.0
EP=40.0
SPREAD=1.2133167209354947
GSPREAD=1.188046652064956
IGD+=44.01136216933077
GD=6.377170165498792
TIME=199.33511805534363
