#saving the metrics
#Tue Jan 15 11:11:40 CST 2019
ER=1.0
IGD=49.21381919745713
HV=0.0
EP=40.0
SPREAD=1.0374325332505494
GSPREAD=0.8326559753645297
IGD+=49.21381919745713
GD=6.848321044882961
TIME=215.48704385757446
