#saving the metrics
#Tue Jan 15 10:36:22 CST 2019
ER=1.0
IGD=47.4236228055175
HV=0.0
EP=38.0
SPREAD=1.1500582382148254
GSPREAD=1.0197827071194632
IGD+=47.4236228055175
GD=6.7446056382430175
TIME=212.09204506874084
