#saving the metrics
#Tue Jan 15 11:25:49 CST 2019
ER=1.0
IGD=70.61161377563892
HV=0.0
EP=62.0
SPREAD=1.0947866688121983
GSPREAD=0.8712777329556168
IGD+=70.61161377563892
GD=8.5646639973647
TIME=228.27504968643188
