#saving the metrics
#Tue Jan 15 12:04:24 CST 2019
ER=1.0
IGD=58.70264048575669
HV=0.0
EP=56.0
SPREAD=1.2120764058819191
GSPREAD=0.8341159578380027
IGD+=58.70264048575669
GD=7.864285353863002
TIME=211.11642026901245
