#saving the metrics
#Tue Jan 15 10:29:26 CST 2019
ER=1.0
IGD=61.36774397026503
HV=0.0
EP=48.0
SPREAD=1.125263234988114
GSPREAD=0.9628338020645898
IGD+=61.36774397026503
GD=8.242261539374173
TIME=212.28053045272827
