#saving the metrics
#Tue Jan 15 11:04:28 CST 2019
ER=1.0
IGD=52.40229002629561
HV=0.0
EP=47.0
SPREAD=1.2290297371763028
GSPREAD=0.8233407633743763
IGD+=52.40229002629561
GD=9.277969908529709
TIME=218.36569929122925
