#saving the metrics
#Tue Jan 15 10:39:42 CST 2019
ER=1.0
IGD=48.02082881417188
HV=0.0
EP=43.0
SPREAD=1.1518642781197228
GSPREAD=0.8437308373755029
IGD+=48.02082881417188
GD=6.226612477731837
TIME=199.4464020729065
