#saving the metrics
#Wed Jan 01 17:03:03 CST 2020
ER=1.0
IGD=1.7020004569786564
HV=0.0
EP=3.875
SPREAD=1.0
GSPREAD=1.0
IGD+=3.675
GD=0.2805712709727033
TIME=476.9167923927307
