#saving the metrics
#Wed Jan 01 12:08:36 CST 2020
ER=1.0
IGD=1.8430424725316439
HV=0.0
EP=4.25
SPREAD=1.2259474711247045
GSPREAD=0.6306239954634485
IGD+=4.05431261641512
GD=0.3842224891112257
TIME=560.3811802864075
