#saving the metrics
#Wed Jan 01 11:08:01 CST 2020
ER=1.0
IGD=0.5894324011755339
HV=0.0
EP=1.375
SPREAD=1.4567679801162268
GSPREAD=0.7510100544122907
IGD+=1.239853250266496
GD=0.08646150639843914
TIME=307.4633274078369
