#saving the metrics
#Wed Jan 01 15:33:18 CST 2020
ER=1.0
IGD=1.2237521989538749
HV=0.0
EP=2.875
SPREAD=1.3098485486970137
GSPREAD=0.8994839504299366
IGD+=2.705758997200625
GD=0.21987242630633844
TIME=460.3119602203369
