#saving the metrics
#Wed Jan 01 13:41:30 CST 2020
ER=1.0
IGD=1.2053123154509697
HV=0.0
EP=2.75
SPREAD=1.3205756472242764
GSPREAD=1.3889431445366693
IGD+=2.55247143304261
GD=0.2856089973549825
TIME=413.4443418979645
