#saving the metrics
#Wed Jan 01 16:41:29 CST 2020
ER=1.0
IGD=0.5505048188304582
HV=0.0
EP=1.25
SPREAD=1.484668952460273
GSPREAD=0.37460171498385186
IGD+=1.1245066115164153
GD=0.07387776330063645
TIME=4088.9468955993652
