#saving the metrics
#Wed Jan 01 10:53:32 CST 2020
ER=1.0
IGD=1.8460919683362356
HV=0.0
EP=4.25
SPREAD=1.2440198700764356
GSPREAD=0.6859574579112013
IGD+=4.050480591562884
GD=0.3815312648683701
TIME=970.7439768314362
