#saving the metrics
#Wed Jan 01 10:37:20 CST 2020
ER=1.0
IGD=1.744276354251241
HV=0.0
EP=4.0
SPREAD=1.2080701301906616
GSPREAD=0.6428365627610167
IGD+=3.806522828142152
GD=0.33984452264481224
TIME=520.8372573852539
