#saving the metrics
#Wed Jan 01 18:05:26 CST 2020
ER=1.0
IGD=0.8586568969423507
HV=0.0
EP=2.0
SPREAD=1.3518364769914841
GSPREAD=1.006844405517422
IGD+=1.8189549766009763
GD=0.15269993894231143
TIME=3354.2425858974457
