#saving the metrics
#Wed Jan 01 10:08:03 CST 2020
ER=1.0
IGD=1.6246367115279785
HV=0.0
EP=3.75
SPREAD=1.280111412090283
GSPREAD=0.7956780815738405
IGD+=3.560567668628072
GD=0.3731163323014461
TIME=551.7125849723816
