#saving the metrics
#Wed Jan 01 18:31:42 CST 2020
ER=1.0
IGD=1.4496407600965604
HV=0.0
EP=3.375
SPREAD=1.1922496791179824
GSPREAD=0.7129105706306705
IGD+=3.184746085692631
GD=0.25851491923459297
TIME=671.8966012001038
