#saving the metrics
#Wed Jan 01 10:58:43 CST 2020
ER=1.0
IGD=0.4855552377319071
HV=0.0
EP=1.0
SPREAD=1.2882764599356722
GSPREAD=1.041691692267962
IGD+=1.0543917002149623
GD=0.2220293947976146
TIME=310.23911118507385
