#saving the metrics
#Wed Jan 01 11:02:53 CST 2020
ER=1.0
IGD=0.507444578254611
HV=0.109375
EP=0.875
SPREAD=1.2778577383876837
GSPREAD=0.6501543363759743
IGD+=0.7083333333333333
GD=0.01209504020168903
TIME=249.79424786567688
