#saving the metrics
#Wed Jan 01 18:45:12 CST 2020
ER=1.0
IGD=1.2384466076500833
HV=0.0
EP=2.75
SPREAD=1.314370425696538
GSPREAD=0.7574182967420818
IGD+=2.7185002673366268
GD=0.2481764559501603
TIME=488.6567406654358
