#saving the metrics
#Wed Jan 01 13:34:36 CST 2020
ER=1.0
IGD=0.7592027982620249
HV=0.0
EP=1.625
SPREAD=1.3414095924658196
GSPREAD=0.6710400985851892
IGD+=1.574798385770607
GD=0.10915800424916337
TIME=255.64630222320557
