#saving the metrics
#Wed Jan 01 10:18:17 CST 2020
ER=1.0
IGD=1.4099842394706248
HV=0.0
EP=3.25
SPREAD=1.3145381320490974
GSPREAD=0.9971016231313345
IGD+=3.0506939094329986
GD=0.28229434684656146
TIME=613.5328085422516
