#saving the metrics
#Wed Jan 01 11:59:15 CST 2020
ER=1.0
IGD=0.8025134128335661
HV=0.0
EP=1.875
SPREAD=1.4137588819134081
GSPREAD=0.7500842841348851
IGD+=1.7356917913773586
GD=0.14351589737445034
TIME=2004.6505913734436
