#saving the metrics
#Wed Jan 01 13:30:20 CST 2020
ER=1.0
IGD=1.5265247386720522
HV=0.0
EP=3.5
SPREAD=1.1927542166537448
GSPREAD=0.5040272681071009
IGD+=3.301733107449679
GD=0.32148123221373104
TIME=3864.9745604991913
