#saving the metrics
#Wed Jan 01 18:13:24 CST 2020
ER=1.0
IGD=1.5155673671745655
HV=0.0
EP=3.5
SPREAD=1.2065159215351113
GSPREAD=0.7599439457042693
IGD+=3.311601515939027
GD=0.3156685547094463
TIME=477.2009024620056
