#saving the metrics
#Wed Jan 01 16:55:05 CST 2020
ER=1.0
IGD=1.0151970252123477
HV=0.0
EP=2.375
SPREAD=1.3540052225550563
GSPREAD=0.6816176586030123
IGD+=2.214068471941769
GD=0.18886137588075458
TIME=816.3677291870117
