#saving the metrics
#Wed Jan 01 13:51:34 CST 2020
ER=1.0
IGD=0.7961277814801117
HV=0.0
EP=1.875
SPREAD=1.3947831405705353
GSPREAD=0.4070464552099175
IGD+=1.7076084700160514
GD=0.11771275426650593
TIME=305.8047585487366
