#saving the metrics
#Wed Jan 01 12:25:54 CST 2020
ER=1.0
IGD=1.4576665142160148
HV=0.0
EP=3.375
SPREAD=1.2700337245260491
GSPREAD=0.7309587865923279
IGD+=3.1864738253149616
GD=0.28935701431524713
TIME=451.07971715927124
