#saving the metrics
#Wed Jan 01 15:25:38 CST 2020
ER=1.0
IGD=0.6988085097745543
HV=0.0
EP=1.625
SPREAD=1.36520769350288
GSPREAD=0.6651295150213042
IGD+=1.4942970781054021
GD=0.11852464494275337
TIME=5642.651392698288
