#saving the metrics
#Wed Jan 01 18:37:02 CST 2020
ER=1.0
IGD=0.7570960602489254
HV=0.0
EP=1.75
SPREAD=1.3831583938182737
GSPREAD=0.7193501170156815
IGD+=1.6347837106664103
GD=0.13703410039549221
TIME=319.5619578361511
