#saving the metrics
#Wed Jan 01 10:28:38 CST 2020
ER=1.0
IGD=1.7247584371924858
HV=0.0
EP=4.0
SPREAD=1.2991837570079328
GSPREAD=1.0101741618614497
IGD+=3.817635196776044
GD=0.36979592166970615
TIME=619.8604712486267
