#saving the metrics
#Wed Jan 01 11:25:50 CST 2020
ER=1.0
IGD=1.2922041892312015
HV=0.0
EP=3.0
SPREAD=1.303983022157093
GSPREAD=0.8467909123658894
IGD+=2.8646094744692734
GD=0.25746140615901164
TIME=1066.836261510849
