#saving the metrics
#Wed Jan 01 13:46:28 CST 2020
ER=1.0
IGD=0.7271997280283076
HV=0.0
EP=1.625
SPREAD=1.371490720962784
GSPREAD=0.9680812889173915
IGD+=1.4536590742882147
GD=0.1383731922650357
TIME=297.2897934913635
