#saving the metrics
#Wed Jan 01 17:09:31 CST 2020
ER=1.0
IGD=0.8757536436946435
HV=0.0
EP=2.0
SPREAD=1.2496691202682868
GSPREAD=0.432632158861944
IGD+=1.8274557343992697
GD=0.15276386248729037
TIME=387.58548045158386
