#saving the metrics
#Wed Jan 01 18:20:29 CST 2020
ER=1.0
IGD=1.1903255857117412
HV=0.0
EP=2.625
SPREAD=1.382464110868138
GSPREAD=0.98249339824978
IGD+=2.5604157509588736
GD=0.2191209332106959
TIME=424.4709310531616
