#saving the metrics
#Wed Jan 01 12:18:22 CST 2020
ER=1.0
IGD=1.836436767220696
HV=0.0
EP=4.25
SPREAD=1.2589156897724196
GSPREAD=0.6981159632526129
IGD+=4.0624188447224965
GD=0.3653850514562197
TIME=584.8785753250122
