#saving the metrics
#Sat Jan 12 18:45:47 CST 2019
ER=1.0
IGD=157.15915499900095
HV=0.0
EP=155.0
SPREAD=1.1825075689833588
GSPREAD=0.9164698697132675
IGD+=157.15915499900095
GD=19.236909440116836
TIME=899.1711869239807
