#saving the metrics
#Sat Jan 12 18:30:47 CST 2019
ER=1.0
IGD=153.5838533179839
HV=0.0
EP=147.0
SPREAD=1.0920352669328888
GSPREAD=0.8937728855560109
IGD+=153.5838533179839
GD=17.692833913256695
TIME=827.2920386791229
