#saving the metrics
#Sat Jan 12 15:28:48 CST 2019
ER=1.0
IGD=143.28642643321103
HV=0.0
EP=134.0
SPREAD=1.1244109943038065
GSPREAD=0.9602013902188489
IGD+=143.28642643321103
GD=18.09430824678593
TIME=838.1739778518677
