#saving the metrics
#Sat Jan 12 19:00:02 CST 2019
ER=1.0
IGD=148.9798644112687
HV=0.0
EP=142.0
SPREAD=1.0627817000181716
GSPREAD=0.8972477062244754
IGD+=148.9798644112687
GD=17.750682015577333
TIME=854.5615272521973
