#saving the metrics
#Sat Jan 12 19:13:52 CST 2019
ER=1.0
IGD=136.91603266235842
HV=0.0
EP=134.0
SPREAD=1.0865530152968668
GSPREAD=1.1925805029567136
IGD+=136.91603266235842
GD=16.652916777195777
TIME=829.3986296653748
