#saving the metrics
#Sat Jan 12 21:32:45 CST 2019
ER=1.0
IGD=145.4475850607359
HV=0.0
EP=141.0
SPREAD=1.0818714646642762
GSPREAD=0.9649221168675951
IGD+=145.4475850607359
GD=18.18284806400859
TIME=848.2056534290314
