#saving the metrics
#Sat Jan 12 21:18:36 CST 2019
ER=1.0
IGD=150.0599880047976
HV=0.0
EP=143.0
SPREAD=1.0959547872170057
GSPREAD=0.9155739393069128
IGD+=150.0599880047976
GD=17.696047959323707
TIME=863.821151971817
