#saving the metrics
#Sat Jan 12 17:21:10 CST 2019
ER=1.0
IGD=107.98611021793498
HV=0.0
EP=104.0
SPREAD=1.1805878659053795
GSPREAD=1.0165391396172052
IGD+=107.98611021793498
GD=14.847374688725017
TIME=748.5897471904755
