#saving the metrics
#Sat Jan 12 16:11:22 CST 2019
ER=1.0
IGD=172.31656913947654
HV=0.0
EP=165.0
SPREAD=1.1044893193223646
GSPREAD=1.0921398859808855
IGD+=172.31656913947654
GD=19.10290785287345
TIME=878.0299651622772
