#saving the metrics
#Sat Jan 12 15:42:07 CST 2019
ER=1.0
IGD=119.04200939164292
HV=0.0
EP=113.0
SPREAD=1.1718027372948792
GSPREAD=0.8543368803238303
IGD+=119.04200939164292
GD=15.919220687633779
TIME=797.4075398445129
