#saving the metrics
#Sat Jan 12 19:28:16 CST 2019
ER=1.0
IGD=147.46525014388982
HV=0.0
EP=141.0
SPREAD=1.1122007899997857
GSPREAD=0.9909440555269587
IGD+=147.46525014388982
GD=17.723835111672635
TIME=863.4311439990997
