#saving the metrics
#Sat Jan 12 16:26:25 CST 2019
ER=1.0
IGD=154.83539646992867
HV=0.0
EP=151.0
SPREAD=1.0863416204788923
GSPREAD=0.9421466105123919
IGD+=154.83539646992867
GD=18.328204601112102
TIME=902.3656816482544
