#saving the metrics
#Sat Jan 12 17:08:40 CST 2019
ER=1.0
IGD=141.23030836190935
HV=0.0
EP=137.0
SPREAD=1.044471930654799
GSPREAD=0.9229779259050149
IGD+=141.23030836190935
GD=16.633755260281934
TIME=814.9462072849274
