#saving the metrics
#Sat Jan 12 20:36:04 CST 2019
ER=1.0
IGD=120.77251342917394
HV=0.0
EP=116.0
SPREAD=1.075320341773316
GSPREAD=0.9155005190772347
IGD+=120.77251342917394
GD=15.880394792810103
TIME=784.0700993537903
