#saving the metrics
#Sat Jan 12 18:16:59 CST 2019
ER=1.0
IGD=146.72763884149435
HV=0.0
EP=142.0
SPREAD=1.1288066381519077
GSPREAD=0.9310240744940208
IGD+=146.72763884149435
GD=17.114810390240304
TIME=821.683123588562
