#saving the metrics
#Sat Jan 12 20:23:00 CST 2019
ER=1.0
IGD=129.74590552306458
HV=0.0
EP=126.0
SPREAD=1.1397204312798832
GSPREAD=0.8587059890575396
IGD+=129.74590552306458
GD=15.556098468011998
TIME=812.010400056839
