#saving the metrics
#Mon Dec 31 07:00:51 CST 2018
ER=1.0
IGD=0.0790949155990403
HV=0.345930735930736
EP=0.3142857142857143
SPREAD=0.5615678945998598
GSPREAD=0.36502914839939243
IGD+=0.3493204825752427
GD=0.05718663175873309
TIME=274.36364102363586
