#saving the metrics
#Mon Dec 31 06:33:38 CST 2018
ER=1.0
IGD=0.07088475921018178
HV=0.3791774891774892
EP=0.2571428571428571
SPREAD=0.603611800822832
GSPREAD=0.38266852450035416
IGD+=0.314338072794129
GD=0.04909174716113499
TIME=275.3021366596222
