#saving the metrics
#Mon Dec 31 07:41:32 CST 2018
ER=1.0
IGD=0.06923200522719489
HV=0.41917748917748926
EP=0.2833333333333333
SPREAD=0.6068029078659053
GSPREAD=0.3486922421945518
IGD+=0.30497859280469514
GD=0.0504659764015098
TIME=268.690554857254
