#saving the metrics
#Mon Dec 31 07:18:56 CST 2018
ER=1.0
IGD=0.06647118307916712
HV=0.39015151515151514
EP=0.27272727272727276
SPREAD=0.5881789890506162
GSPREAD=0.4317082786699458
IGD+=0.29530286154916296
GD=0.05117104504335859
TIME=265.45395016670227
