#saving the metrics
#Mon Dec 31 06:38:10 CST 2018
ER=1.0
IGD=0.06726142066394246
HV=0.41036796536796527
EP=0.2571428571428571
SPREAD=0.5816644038207189
GSPREAD=0.336779354862474
IGD+=0.2933143602851735
GD=0.04760248268323693
TIME=271.5641963481903
