#saving the metrics
#Mon Dec 31 07:05:32 CST 2018
ER=1.0
IGD=0.07460689819361462
HV=0.3337012987012987
EP=0.3142857142857143
SPREAD=0.604051996073742
GSPREAD=0.43555679880816833
IGD+=0.3310443673930101
GD=0.058507096180425364
TIME=280.33050894737244
