#saving the metrics
#Mon Dec 31 06:06:21 CST 2018
ER=1.0
IGD=0.08514101730164146
HV=0.3383333333333334
EP=0.3142857142857143
SPREAD=0.5555938028182056
GSPREAD=0.40031067138752185
IGD+=0.37868580443320304
GD=0.05819964827471379
TIME=273.6196622848511
