#saving the metrics
#Mon Dec 31 06:47:15 CST 2018
ER=1.0
IGD=0.07826292621444274
HV=0.3677705627705628
EP=0.3142857142857143
SPREAD=0.6398316406448704
GSPREAD=0.3815762552345204
IGD+=0.3474329913550495
GD=0.05039138838494768
TIME=269.9298520088196
