#saving the metrics
#Mon Jan 14 15:44:28 CST 2019
ER=1.0
IGD=3.1622776601683795
HV=0.0
EP=3.0
SPREAD=1.394160622081366
GSPREAD=0.8776695289834366
IGD+=3.1622776601683795
GD=1.0515510625681517
TIME=153.8030366897583
