#saving the metrics
#Mon Jan 14 16:04:29 CST 2019
ER=1.0
IGD=1.0
HV=0.0
EP=1.0
SPREAD=1.5147220093491194
GSPREAD=0.08786319111841127
IGD+=1.0
GD=0.3270149469217028
TIME=157.93301939964294
