#saving the metrics
#Mon Jan 14 15:21:58 CST 2019
ER=1.0
IGD=3.7416573867739413
HV=0.0
EP=3.0
SPREAD=1.3719785561218223
GSPREAD=0.7845713570071088
IGD+=3.7416573867739413
GD=0.8983229524976677
TIME=148.34347653388977
