#saving the metrics
#Mon Jan 14 16:22:25 CST 2019
ER=1.0
IGD=2.23606797749979
HV=0.0
EP=2.0
SPREAD=1.4733196106081012
GSPREAD=0.6516873988620735
IGD+=2.23606797749979
GD=0.4834681960570307
TIME=157.6843297481537
