#saving the metrics
#Mon Jan 14 15:17:05 CST 2019
ER=1.0
IGD=2.23606797749979
HV=0.0
EP=2.0
SPREAD=1.3347674259640148
GSPREAD=0.4500892543059233
IGD+=2.23606797749979
GD=0.7142222194001019
TIME=152.08045434951782
