#saving the metrics
#Mon Jan 14 16:17:10 CST 2019
ER=1.0
IGD=1.0
HV=0.0
EP=1.0
SPREAD=1.588486884311223
GSPREAD=0.23879781420765003
IGD+=1.0
GD=0.18856180831641267
TIME=159.61446928977966
