#saving the metrics
#Mon Jan 14 15:27:05 CST 2019
ER=1.0
IGD=1.0
HV=0.0
EP=1.0
SPREAD=1.487804568654978
GSPREAD=0.648763185939858
IGD+=1.0
GD=0.39931914844260247
TIME=153.44906568527222
