#saving the metrics
#Mon Jan 14 16:19:47 CST 2019
ER=1.0
IGD=1.7320508075688772
HV=0.0
EP=1.0
SPREAD=1.2571783850337614
GSPREAD=0.20787743339946593
IGD+=1.7320508075688772
GD=0.7622618210957615
TIME=155.9467077255249
