#saving the metrics
#Wed Jan 08 20:51:22 CST 2020
ER=1.0
IGD=17.11724276862369
HV=0.0
EP=17.0
SPREAD=1.2240860987854758
GSPREAD=0.5898816579496267
IGD+=17.11724276862369
GD=2.008191840218504
TIME=887.5486452579498
