#saving the metrics
#Wed Jan 08 13:42:11 CST 2020
ER=1.0
IGD=2.0
HV=0.0
EP=2.0
SPREAD=1.3746613745634726
GSPREAD=1.4197409686161915
IGD+=2.0
GD=1.7382191736635546
TIME=2374.560992717743
