#saving the metrics
#Thu Jan 09 20:55:10 CST 2020
ER=1.0
IGD=10.04987562112089
HV=0.0
EP=10.0
SPREAD=1.3354528037080644
GSPREAD=1.1775780250384813
IGD+=10.04987562112089
GD=1.7547861340964697
TIME=2452.5577867031097
