#saving the metrics
#Wed Jan 08 21:35:59 CST 2020
ER=1.0
IGD=2.23606797749979
HV=0.0
EP=2.0
SPREAD=1.2706653728611437
GSPREAD=0.06005113050204315
IGD+=2.23606797749979
GD=0.26151486129039964
TIME=736.3572173118591
