#saving the metrics
#Thu Jan 09 10:36:00 CST 2020
ER=1.0
IGD=1.4142135623730951
HV=0.0
EP=1.0
SPREAD=1.4167365501718856
GSPREAD=1.0886745326906568
IGD+=1.4142135623730951
GD=0.8638887977484623
TIME=1738.4359171390533
