#saving the metrics
#Wed Jan 08 10:33:40 CST 2020
ER=1.0
IGD=8.06225774829855
HV=0.0
EP=8.0
SPREAD=1.164361719120643
GSPREAD=0.1872232941296976
IGD+=8.06225774829855
GD=0.8733390455232001
TIME=3994.456241130829
