#saving the metrics
#Wed Jan 08 08:24:01 CST 2020
ER=1.0
IGD=7.0710678118654755
HV=0.0
EP=7.0
SPREAD=1.353331190037162
GSPREAD=1.3218529135288974
IGD+=7.0710678118654755
GD=1.7355297439293549
TIME=6441.731142044067
