#saving the metrics
#Wed Jan 08 20:06:40 CST 2020
ER=1.0
IGD=6.082762530298219
HV=0.0
EP=6.0
SPREAD=1.0956763078621072
GSPREAD=0.1094411041634861
IGD+=6.082762530298219
GD=0.6429100507328637
TIME=6360.254170894623
