#saving the metrics
#Wed Jan 08 21:23:42 CST 2020
ER=1.0
IGD=1.0
HV=0.0
EP=1.0
SPREAD=1.4512880356780105
GSPREAD=0.44986394921630873
IGD+=1.0
GD=0.3505745203677326
TIME=986.4671216011047
