#saving the metrics
#Thu Jan 09 10:06:59 CST 2020
ER=1.0
IGD=5.385164807134504
HV=0.0
EP=5.0
SPREAD=1.2044149530996555
GSPREAD=0.13334512395460504
IGD+=5.385164807134504
GD=0.5667266874975939
TIME=44257.50055146217
