#saving the metrics
#Thu Jan 09 19:38:29 CST 2020
ER=1.0
IGD=5.0990195135927845
HV=0.0
EP=5.0
SPREAD=1.190675662881124
GSPREAD=0.2609380412290062
IGD+=5.0990195135927845
GD=0.5881675297769338
TIME=651.8170163631439
