#saving the metrics
#Wed Jan 08 21:49:20 CST 2020
ER=1.0
IGD=15.033296378372908
HV=0.0
EP=15.0
SPREAD=1.3045541449691567
GSPREAD=1.228934464731136
IGD+=15.033296378372908
GD=2.2563390170001467
TIME=799.9219076633453
