#saving the metrics
#Wed Jan 08 11:13:52 CST 2020
ER=1.0
IGD=9.273618495495704
HV=0.0
EP=8.0
SPREAD=1.40833716166278
GSPREAD=1.0075499617491974
IGD+=9.273618495495704
GD=1.524107113798458
TIME=2410.962550878525
