#saving the metrics
#Wed Jan 08 09:27:05 CST 2020
ER=1.0
IGD=9.055385138137417
HV=0.0
EP=9.0
SPREAD=1.2904554559613515
GSPREAD=0.48130487569025293
IGD+=9.055385138137417
GD=1.2171115578358818
TIME=1986.466151714325
