#saving the metrics
#Tue Jan 08 10:49:52 CST 2019
ER=1.0
IGD=105.01428474260061
HV=0.0
EP=104.0
SPREAD=1.1791103780233445
GSPREAD=1.0535819857811042
IGD+=105.01428474260061
GD=12.910773507515275
TIME=1250.2407841682434
