#saving the metrics
#Tue Jan 08 13:19:26 CST 2019
ER=1.0
IGD=113.09288218097548
HV=0.0
EP=107.0
SPREAD=1.149616640451236
GSPREAD=1.1609256149433496
IGD+=113.09288218097548
GD=12.574606380463079
TIME=1251.4621169567108
