#saving the metrics
#Sat Jan 12 09:19:38 CST 2019
ER=1.0
IGD=115.80587204455567
HV=0.0
EP=111.0
SPREAD=1.176021396448752
GSPREAD=1.0840426309494844
IGD+=115.80587204455567
GD=15.411395495253215
TIME=1264.7072224617004
