#saving the metrics
#Tue Jan 08 08:13:04 CST 2019
ER=1.0
IGD=64.16385275215322
HV=0.0
EP=62.0
SPREAD=1.324888366386975
GSPREAD=1.2351019719848442
IGD+=64.16385275215322
GD=9.105170343498632
TIME=1123.388417482376
