#saving the metrics
#Tue Jan 08 15:29:02 CST 2019
ER=1.0
IGD=120.95040305844375
HV=0.0
EP=120.0
SPREAD=1.241824496424598
GSPREAD=1.2342061437211511
IGD+=120.95040305844375
GD=14.64236081233932
TIME=1340.427615404129
