#saving the metrics
#Sat Jan 12 01:45:14 CST 2019
ER=1.0
IGD=133.46909754696028
HV=0.0
EP=126.0
SPREAD=1.2031824602017598
GSPREAD=1.1612147867502387
IGD+=133.46909754696028
GD=18.07718397590914
TIME=1372.404602766037
