#saving the metrics
#Tue Jan 08 14:25:01 CST 2019
ER=1.0
IGD=122.266103233889
HV=0.0
EP=115.0
SPREAD=1.1602512032120544
GSPREAD=1.0417167028911873
IGD+=122.266103233889
GD=15.27467929825039
TIME=1330.807029724121
