#saving the metrics
#Sat Jan 12 08:58:33 CST 2019
ER=1.0
IGD=127.52254702600635
HV=0.0
EP=121.0
SPREAD=1.1880778974374564
GSPREAD=0.9350893536288478
IGD+=127.52254702600635
GD=15.183330159725468
TIME=1356.8783349990845
