#saving the metrics
#Tue Jan 08 07:33:59 CST 2019
ER=1.0
IGD=110.86027241532469
HV=0.0
EP=106.0
SPREAD=1.1762361030789301
GSPREAD=0.9156602224177892
IGD+=110.86027241532469
GD=12.805005398878444
TIME=1308.1487488746643
