#saving the metrics
#Tue Jan 08 08:59:35 CST 2019
ER=1.0
IGD=135.8086889709197
HV=0.0
EP=133.0
SPREAD=1.2246055085015861
GSPREAD=1.1201139103492865
IGD+=135.8086889709197
GD=15.356084865734108
TIME=1394.3539927005768
