#saving the metrics
#Sat Jan 12 03:07:25 CST 2019
ER=1.0
IGD=111.8436408563312
HV=0.0
EP=109.0
SPREAD=1.2039077000719114
GSPREAD=0.920305470393724
IGD+=111.8436408563312
GD=13.295026604949081
TIME=1256.3058822154999
