#saving the metrics
#Tue Jan 08 14:45:20 CST 2019
ER=1.0
IGD=90.52623929005335
HV=0.0
EP=85.0
SPREAD=1.1868748195124472
GSPREAD=1.2367558892377168
IGD+=90.52623929005335
GD=12.473922003873927
TIME=1218.53644323349
