#saving the metrics
#Tue Jan 08 06:49:55 CST 2019
ER=1.0
IGD=94.22313940853383
HV=0.0
EP=92.0
SPREAD=1.2376186082472826
GSPREAD=0.9652631135036418
IGD+=94.22313940853383
GD=11.636520819387785
TIME=1192.548334121704
