#saving the metrics
#Sat Jan 12 11:22:48 CST 2019
ER=1.0
IGD=113.96929411029973
HV=0.0
EP=112.0
SPREAD=1.213636932184753
GSPREAD=1.0296265215910347
IGD+=113.96929411029973
GD=14.56365494480949
TIME=1242.5884232521057
