#saving the metrics
#Sat Jan 12 04:25:35 CST 2019
ER=1.0
IGD=75.61084578286372
HV=0.0
EP=74.0
SPREAD=1.2406365604406129
GSPREAD=0.9539449842752196
IGD+=75.61084578286372
GD=11.25512027595902
TIME=1166.066910982132
