#saving the metrics
#Tue Jan 08 09:45:01 CST 2019
ER=1.0
IGD=104.33599570617994
HV=0.0
EP=101.0
SPREAD=1.2515982664613536
GSPREAD=1.1034986345351043
IGD+=104.33599570617994
GD=14.329691041731287
TIME=1285.6459362506866
