#saving the metrics
#Sat Jan 12 02:27:39 CST 2019
ER=1.0
IGD=116.70903992407786
HV=0.0
EP=105.0
SPREAD=1.170120340630832
GSPREAD=0.9022509475102626
IGD+=116.70903992407786
GD=15.681492478371004
TIME=1244.66996717453
