#saving the metrics
#Tue Jan 08 15:48:51 CST 2019
ER=1.0
IGD=84.26743143112884
HV=0.0
EP=81.0
SPREAD=1.2325140785434865
GSPREAD=1.2090091658197921
IGD+=84.26743143112884
GD=11.491154046273715
TIME=1188.3231253623962
