#saving the metrics
#Sat Jan 12 06:11:22 CST 2019
ER=1.0
IGD=129.5569372901351
HV=0.0
EP=125.0
SPREAD=1.2287300758868935
GSPREAD=1.1592589567524803
IGD+=129.5569372901351
GD=15.157653747205778
TIME=1351.9271686077118
