#saving the metrics
#Tue Jan 08 12:37:35 CST 2019
ER=1.0
IGD=112.60550608207397
HV=0.0
EP=106.0
SPREAD=1.2315351412752127
GSPREAD=1.24848651423614
IGD+=112.60550608207397
GD=13.340984199467101
TIME=1357.6504137516022
