#saving the metrics
#Sat Jan 12 10:39:40 CST 2019
ER=1.0
IGD=62.465990746965666
HV=0.0
EP=61.0
SPREAD=1.2517828850220152
GSPREAD=0.8176372609655906
IGD+=62.465990746965666
GD=8.963321582251083
TIME=1079.8526690006256
