#saving the metrics
#Tue Jan 08 05:48:35 CST 2019
ER=1.0
IGD=131.73458164050928
HV=0.0
EP=121.0
SPREAD=1.2439804588209702
GSPREAD=0.9842186746346466
IGD+=131.73458164050928
GD=18.578980149657315
TIME=1358.0965707302094
