#saving the metrics
#Sat Jan 12 04:06:08 CST 2019
ER=1.0
IGD=119.3859288191033
HV=0.0
EP=114.0
SPREAD=1.175512273305833
GSPREAD=0.933828177304921
IGD+=119.3859288191033
GD=15.158922295798867
TIME=1239.645586490631
