#saving the metrics
#Tue Jan 08 11:52:45 CST 2019
ER=1.0
IGD=98.70157040290697
HV=0.0
EP=95.0
SPREAD=1.233238740858257
GSPREAD=0.8789486059647691
IGD+=98.70157040290697
GD=15.912507381191142
TIME=1219.6353783607483
