#saving the metrics
#Tue Jan 08 08:36:20 CST 2019
ER=1.0
IGD=131.73458164050928
HV=0.0
EP=126.0
SPREAD=1.1982874344678547
GSPREAD=0.96468916096685
IGD+=131.73458164050928
GD=15.682837218435784
TIME=1395.1791894435883
