#saving the metrics
#Tue Jan 08 14:02:49 CST 2019
ER=1.0
IGD=90.11659114724658
HV=0.0
EP=86.0
SPREAD=1.2368323231417324
GSPREAD=0.817081026576152
IGD+=90.11659114724658
GD=11.13718618412089
TIME=1237.2522127628326
