#saving the metrics
#Sat Jan 12 04:45:10 CST 2019
ER=1.0
IGD=93.8296328459192
HV=0.0
EP=91.0
SPREAD=1.2509749678223931
GSPREAD=1.235813405854395
IGD+=93.8296328459192
GD=13.40765341392845
TIME=1174.765070438385
