#saving the metrics
#Tue Jan 08 11:11:11 CST 2019
ER=1.0
IGD=122.56426885516024
HV=0.0
EP=117.0
SPREAD=1.1602811039881828
GSPREAD=1.1294177123795068
IGD+=122.56426885516024
GD=15.888651664023612
TIME=1278.7846608161926
