#saving the metrics
#Tue Jan 08 09:23:35 CST 2019
ER=1.0
IGD=134.22741895752895
HV=0.0
EP=127.0
SPREAD=1.1524470137981593
GSPREAD=0.9394114504846257
IGD+=134.22741895752895
GD=14.89969790742169
TIME=1438.5716042518616
