#saving the metrics
#Tue Jan 08 12:14:57 CST 2019
ER=1.0
IGD=124.04031602668546
HV=0.0
EP=119.0
SPREAD=1.2238317982502875
GSPREAD=0.9113750853530245
IGD+=124.04031602668546
GD=14.731784940337159
TIME=1330.544305562973
