#saving the metrics
#Tue Jan 08 07:54:20 CST 2019
ER=1.0
IGD=96.22369770487933
HV=0.0
EP=95.0
SPREAD=1.2761172794474884
GSPREAD=0.9613072848210311
IGD+=96.22369770487933
GD=12.19778054976134
TIME=1220.140732049942
