#saving the metrics
#Tue Jan 08 16:08:54 CST 2019
ER=1.0
IGD=93.4558719396486
HV=0.0
EP=87.0
SPREAD=1.2121537254869608
GSPREAD=1.1426811635976026
IGD+=93.4558719396486
GD=11.182708550326344
TIME=1202.8878569602966
