#saving the metrics
#Tue Jan 08 07:12:10 CST 2019
ER=1.0
IGD=125.1758762701504
HV=0.0
EP=119.0
SPREAD=1.1685611109589598
GSPREAD=0.8697790895607522
IGD+=125.1758762701504
GD=14.11170209628951
TIME=1333.2916405200958
