#saving the metrics
#Tue Jan 08 10:29:01 CST 2019
ER=1.0
IGD=134.20506696842708
HV=0.0
EP=128.0
SPREAD=1.2098103964647051
GSPREAD=0.9381046933539685
IGD+=134.20506696842708
GD=17.477148020997184
TIME=1414.56276512146
