#saving the metrics
#Tue Jan 08 10:05:26 CST 2019
ER=1.0
IGD=92.07605551933683
HV=0.0
EP=90.0
SPREAD=1.1978043101327223
GSPREAD=0.7755056366909095
IGD+=92.07605551933683
GD=11.373916932814211
TIME=1224.0099964141846
