#saving the metrics
#Sat Jan 12 05:28:14 CST 2019
ER=1.0
IGD=117.75822688882505
HV=0.0
EP=114.0
SPREAD=1.2687852860289615
GSPREAD=1.19201646057772
IGD+=117.75822688882505
GD=15.416464973859911
TIME=1317.4585037231445
