#saving the metrics
#Sat Jan 12 03:45:28 CST 2019
ER=1.0
IGD=101.13851887386922
HV=0.0
EP=100.0
SPREAD=1.1912732040364735
GSPREAD=1.0564183426514295
IGD+=101.13851887386922
GD=11.770538570145911
TIME=1217.9278552532196
