#saving the metrics
#Tue Jan 08 13:42:11 CST 2019
ER=1.0
IGD=109.5308175811721
HV=0.0
EP=106.0
SPREAD=1.248847313890104
GSPREAD=1.213205420071395
IGD+=109.5308175811721
GD=15.858538477122835
TIME=1364.2439222335815
