#saving the metrics
#Sat Jan 12 11:02:05 CST 2019
ER=1.0
IGD=123.79822292747178
HV=0.0
EP=119.0
SPREAD=1.2101232384744047
GSPREAD=1.0161742352773142
IGD+=123.79822292747178
GD=16.34474126113424
TIME=1343.607041835785
