#saving the metrics
#Sat Jan 12 07:53:25 CST 2019
ER=1.0
IGD=98.84836872705588
HV=0.0
EP=96.0
SPREAD=1.231464932512198
GSPREAD=0.9794010576375867
IGD+=98.84836872705588
GD=11.218958686687703
TIME=1242.0249073505402
