#saving the metrics
#Sat Jan 12 03:25:09 CST 2019
ER=1.0
IGD=60.76183012385325
HV=0.0
EP=57.0
SPREAD=1.45568908529528
GSPREAD=1.0308940056782867
IGD+=60.76183012385325
GD=10.984400400303834
TIME=1063.596431016922
