#saving the metrics
#Sat Jan 12 06:51:12 CST 2019
ER=1.0
IGD=106.27323275406654
HV=0.0
EP=101.0
SPREAD=1.248945189802433
GSPREAD=0.9700920302255228
IGD+=106.27323275406654
GD=14.376738581642847
TIME=1208.3975052833557
