#saving the metrics
#Tue Jan 08 12:58:34 CST 2019
ER=1.0
IGD=119.68709203585824
HV=0.0
EP=109.0
SPREAD=1.2241323475974661
GSPREAD=1.067249378477702
IGD+=119.68709203585824
GD=15.126592043420507
TIME=1258.1578345298767
