#saving the metrics
#Tue Jan 08 06:10:23 CST 2019
ER=1.0
IGD=114.00877159236477
HV=0.0
EP=107.0
SPREAD=1.4260545466197319
GSPREAD=1.0024639566613989
IGD+=114.00877159236477
GD=14.49163962592291
TIME=1306.7099227905273
