#saving the metrics
#Tue Jan 08 15:06:41 CST 2019
ER=1.0
IGD=104.94284158531252
HV=0.0
EP=102.0
SPREAD=1.219790499588963
GSPREAD=0.8994013839981667
IGD+=104.94284158531252
GD=12.197014615588515
TIME=1279.7642896175385
