#saving the metrics
#Tue Jan 08 11:32:25 CST 2019
ER=1.0
IGD=108.07867504739313
HV=0.0
EP=104.0
SPREAD=1.1801407153819445
GSPREAD=0.8596982201305357
IGD+=108.07867504739313
GD=12.741703983697128
TIME=1272.9341294765472
