#saving the metrics
#Tue Jan 08 06:30:02 CST 2019
ER=1.0
IGD=92.80624978954812
HV=0.0
EP=89.0
SPREAD=1.2472773908106376
GSPREAD=1.1380585184059735
IGD+=92.80624978954812
GD=12.249507371278334
TIME=1178.400737285614
