#saving the metrics
#Sat Jan 04 01:00:28 CST 2020
ER=1.0
IGD=64.21059102671458
HV=0.0
EP=51.0
SPREAD=1.2422468564167235
GSPREAD=0.9116367222481386
IGD+=64.21059102671458
GD=8.719743281914573
TIME=1256.301860332489
