#saving the metrics
#Fri Jan 03 23:37:26 CST 2020
ER=1.0
IGD=55.235857918565905
HV=0.0
EP=55.0
SPREAD=1.3231552215879936
GSPREAD=0.96898369219001
IGD+=55.235857918565905
GD=8.222241833647017
TIME=1247.7092266082764
