#saving the metrics
#Fri Jan 03 23:58:11 CST 2020
ER=1.0
IGD=87.68124086713189
HV=0.0
EP=78.0
SPREAD=1.291400660514888
GSPREAD=1.2855707719593368
IGD+=87.68124086713189
GD=11.51844030761897
TIME=1243.618605852127
