#saving the metrics
#Sat Jan 04 06:46:59 CST 2020
ER=1.0
IGD=73.35529974037323
HV=0.0
EP=72.0
SPREAD=1.426710726228439
GSPREAD=0.8377264996076176
IGD+=73.35529974037323
GD=10.113066019184787
TIME=1264.5321929454803
