#saving the metrics
#Fri Jan 03 21:49:16 CST 2020
ER=1.0
IGD=68.27151675479314
HV=0.0
EP=67.0
SPREAD=1.2594237664496624
GSPREAD=1.3313211015920394
IGD+=68.27151675479314
GD=8.138701250806951
TIME=1515.2438838481903
