#saving the metrics
#Sat Jan 04 03:24:04 CST 2020
ER=1.0
IGD=92.76313923105448
HV=0.0
EP=76.0
SPREAD=1.2328140920309967
GSPREAD=0.9472555304093374
IGD+=92.76313923105448
GD=10.460104533324346
TIME=1241.4203515052795
