#saving the metrics
#Sat Jan 04 07:08:22 CST 2020
ER=1.0
IGD=73.27346040688948
HV=0.0
EP=71.0
SPREAD=1.3452650706661342
GSPREAD=0.7792876577101605
IGD+=73.27346040688948
GD=11.10267888655931
TIME=1282.6733677387238
