#saving the metrics
#Sat Jan 04 05:49:41 CST 2020
ER=1.0
IGD=39.67366884975475
HV=0.0
EP=29.0
SPREAD=1.319084317345479
GSPREAD=0.7018799692737167
IGD+=39.67366884975475
GD=8.513332214639894
TIME=1318.6541893482208
