#saving the metrics
#Fri Jan 03 22:13:45 CST 2020
ER=1.0
IGD=66.76076692189807
HV=0.0
EP=66.0
SPREAD=1.4035204003391406
GSPREAD=0.9748708244241735
IGD+=66.76076692189807
GD=10.062886166728466
TIME=1468.2470152378082
