#saving the metrics
#Sat Jan 04 02:22:19 CST 2020
ER=1.0
IGD=76.49182962905255
HV=0.0
EP=73.0
SPREAD=1.3759625221588463
GSPREAD=0.9213652354057664
IGD+=76.49182962905255
GD=9.510824481238478
TIME=1217.9594869613647
