#saving the metrics
#Sat Jan 04 07:27:56 CST 2020
ER=1.0
IGD=74.15524256584965
HV=0.0
EP=66.0
SPREAD=1.2765758227640278
GSPREAD=1.0663363360658846
IGD+=74.15524256584965
GD=9.334071885259062
TIME=1172.320144891739
