#saving the metrics
#Fri Jan 03 22:37:30 CST 2020
ER=1.0
IGD=59.77457653551382
HV=0.0
EP=57.0
SPREAD=1.2589632600483731
GSPREAD=1.1369657685604273
IGD+=59.77457653551382
GD=7.69552686869769
TIME=1423.8812580108643
