#saving the metrics
#Sat Jan 04 02:42:16 CST 2020
ER=1.0
IGD=83.89278872465738
HV=0.0
EP=62.0
SPREAD=1.3075174390081972
GSPREAD=0.8905398532658979
IGD+=83.89278872465738
GD=11.147467503699295
TIME=1195.9670910835266
