#saving the metrics
#Sat Jan 04 01:40:53 CST 2020
ER=1.0
IGD=44.87761134463375
HV=0.0
EP=39.0
SPREAD=1.3641296891315482
GSPREAD=0.8219072761794691
IGD+=44.87761134463375
GD=9.648982181704822
TIME=1299.7263226509094
