#saving the metrics
#Sat Jan 04 04:49:40 CST 2020
ER=1.0
IGD=73.27346040688948
HV=0.0
EP=67.0
SPREAD=1.5786712260629232
GSPREAD=1.1096166568010737
IGD+=73.27346040688948
GD=9.519794391727743
TIME=1290.425754070282
