#saving the metrics
#Sat Jan 04 00:39:30 CST 2020
ER=1.0
IGD=81.93900170248598
HV=0.0
EP=69.0
SPREAD=1.386707087729427
GSPREAD=0.7439545348125451
IGD+=81.93900170248598
GD=11.41264763659588
TIME=1259.13321018219
