#saving the metrics
#Sat Jan 04 04:06:03 CST 2020
ER=1.0
IGD=51.92301994298868
HV=0.0
EP=44.0
SPREAD=1.2861479537712805
GSPREAD=0.8779911851025824
IGD+=51.92301994298868
GD=8.795515245588183
TIME=1266.5504956245422
