#saving the metrics
#Sat Jan 04 00:18:30 CST 2020
ER=1.0
IGD=59.715994507334464
HV=0.0
EP=59.0
SPREAD=1.4015466457275199
GSPREAD=1.2231712336811253
IGD+=59.715994507334464
GD=7.816326885845714
TIME=1218.4018788337708
