#saving the metrics
#Sat Jan 04 04:28:08 CST 2020
ER=1.0
IGD=50.15974481593781
HV=0.0
EP=50.0
SPREAD=1.255984553609674
GSPREAD=1.4249249885675677
IGD+=50.15974481593781
GD=7.12520994638371
TIME=1323.9718165397644
