#saving the metrics
#Fri Jan 03 23:16:37 CST 2020
ER=1.0
IGD=67.07458535093602
HV=0.0
EP=51.0
SPREAD=1.3272340773424804
GSPREAD=0.970673720705595
IGD+=67.07458535093602
GD=10.964361976881769
TIME=1245.7205874919891
