#saving the metrics
#Sat Jan 04 03:03:22 CST 2020
ER=1.0
IGD=94.89467845985885
HV=0.0
EP=86.0
SPREAD=1.5105381622251812
GSPREAD=0.9766395944448425
IGD+=94.89467845985885
GD=12.445742562680136
TIME=1264.7644438743591
