#saving the metrics
#Fri Jan 03 22:55:51 CST 2020
ER=1.0
IGD=12.0
HV=0.0
EP=12.0
SPREAD=1.0
GSPREAD=1.0
IGD+=12.0
GD=1.1710800875382399
TIME=1099.612905740738
