#saving the metrics
#Fri Jan 03 21:23:59 CST 2020
ER=1.0
IGD=64.20280367709809
HV=0.0
EP=64.0
SPREAD=1.3740891627668625
GSPREAD=0.8216634807936557
IGD+=64.20280367709809
GD=8.825540138153514
TIME=42305.47747039795
