#saving the metrics
#Sat Jan 04 01:19:12 CST 2020
ER=1.0
IGD=43.289721643826724
HV=0.0
EP=43.0
SPREAD=1.479648014251501
GSPREAD=1.1762633515116505
IGD+=43.289721643826724
GD=5.449625005301988
TIME=1123.1836297512054
