#saving the metrics
#Sat Jan 04 05:07:51 CST 2020
ER=1.0
IGD=21.02379604162864
HV=0.0
EP=21.0
SPREAD=1.0312124048775382
GSPREAD=0.2981199264503463
IGD+=21.02379604162864
GD=2.1030589965231936
TIME=1090.0371677875519
