#saving the metrics
#Sat Jan 04 06:25:53 CST 2020
ER=1.0
IGD=37.33630940518894
HV=0.0
EP=35.0
SPREAD=1.2028515970551665
GSPREAD=0.7728589484682551
IGD+=37.33630940518894
GD=4.111429784793053
TIME=1053.3709428310394
