#saving the metrics
#Sat Jan 04 06:08:19 CST 2020
ER=1.0
IGD=2.449489742783178
HV=0.0
EP=2.0
SPREAD=1.3391555627334806
GSPREAD=1.6218465571893839
IGD+=2.449489742783178
GD=6.165377692093794
TIME=1116.7644834518433
