#saving the metrics
#Sat Jan 04 03:44:56 CST 2020
ER=1.0
IGD=74.04052944165107
HV=0.0
EP=73.0
SPREAD=1.3443284957423585
GSPREAD=1.3747926967372959
IGD+=74.04052944165107
GD=9.643599030837693
TIME=1250.825779914856
