#saving the metrics
#Sat Jan 04 02:02:00 CST 2020
ER=1.0
IGD=70.06425622241343
HV=0.0
EP=69.0
SPREAD=1.5017951027592271
GSPREAD=1.1268832360401313
IGD+=70.06425622241343
GD=9.260346300513937
TIME=1266.3579092025757
