#saving the metrics
#Sat Jan 04 05:27:41 CST 2020
ER=1.0
IGD=51.487862647424
HV=0.0
EP=46.0
SPREAD=1.2340462616494325
GSPREAD=1.238232740110115
IGD+=51.487862647424
GD=7.0454758646049
TIME=1189.4023191928864
