meanHV: 	0.9997649289709458	0.5225164464258244
meanET: 	88.8831356048584	212.38922129472095
p__Val: 	1.4986099627925897e-11	1.5099296795810785e-11
