#saving the metrics
#Wed Jan 02 06:10:06 CST 2019
ER=1.0
IGD=3.3166247903554
HV=0.0
EP=3.0
SPREAD=1.2618088716356342
GSPREAD=0.6027186438014288
IGD+=3.3166247903554
GD=1.9282598219750064
TIME=137.62401032447815
