#saving the metrics
#Fri Jan 11 08:03:18 CST 2019
ER=1.0
IGD=4.58257569495584
HV=0.0
EP=4.0
SPREAD=1.2022939422919063
GSPREAD=0.38069969643226814
IGD+=4.58257569495584
GD=1.317628598929362
TIME=141.32081246376038
