#saving the metrics
#Wed Jan 02 06:05:29 CST 2019
ER=1.0
IGD=1.4142135623730951
HV=0.0
EP=1.0
SPREAD=1.2298506949300536
GSPREAD=0.2787904596437341
IGD+=1.4142135623730951
GD=0.7305451013624803
TIME=141.27672243118286
