#saving the metrics
#Wed Jan 02 06:25:48 CST 2019
ER=1.0
IGD=3.605551275463989
HV=0.0
EP=3.0
SPREAD=1.2883734238701545
GSPREAD=0.4697140752778462
IGD+=3.605551275463989
GD=1.2025294580614934
TIME=133.7848026752472
