#saving the metrics
#Fri Jan 11 08:09:49 CST 2019
ER=1.0
IGD=2.23606797749979
HV=0.0
EP=2.0
SPREAD=1.368893633811975
GSPREAD=0.5549600058023114
IGD+=2.23606797749979
GD=0.655276853781698
TIME=133.8318965435028
