#saving the metrics
#Wed Jan 02 05:33:29 CST 2019
ER=1.0
IGD=1.7320508075688772
HV=0.0
EP=1.0
SPREAD=1.33474437341668
GSPREAD=0.2049003584162557
IGD+=1.7320508075688772
GD=0.5580172219158192
TIME=130.08092284202576
