#saving the metrics
#Wed Jan 02 05:28:43 CST 2019
ER=1.0
IGD=2.449489742783178
HV=0.0
EP=2.0
SPREAD=1.2928299393145015
GSPREAD=0.5779282641103543
IGD+=2.449489742783178
GD=0.70328029590141
TIME=136.69351077079773
