#saving the metrics
#Wed Jan 02 06:23:34 CST 2019
ER=1.0
IGD=2.0
HV=0.0
EP=2.0
SPREAD=1.5278004777654715
GSPREAD=0.18768963683070278
IGD+=2.0
GD=0.3391332155193306
TIME=130.7436864376068
