#saving the metrics
#Wed Jan 02 06:21:22 CST 2019
ER=1.0
IGD=2.23606797749979
HV=0.0
EP=2.0
SPREAD=1.304376643244013
GSPREAD=0.35853936700857275
IGD+=2.23606797749979
GD=0.8213699081882033
TIME=131.97195172309875
