#saving the metrics
#Wed Jan 02 05:47:04 CST 2019
ER=1.0
IGD=2.23606797749979
HV=0.0
EP=2.0
SPREAD=1.414237282452592
GSPREAD=0.4334759498243326
IGD+=2.23606797749979
GD=0.49825090893441254
TIME=147.31876492500305
