#saving the metrics
#Fri Jan 11 07:41:59 CST 2019
ER=1.0
IGD=4.58257569495584
HV=0.0
EP=3.0
SPREAD=1.2476929484177137
GSPREAD=0.504919775727171
IGD+=4.58257569495584
GD=1.1989413319509497
TIME=148.38356733322144
