#saving the metrics
#Fri Jan 11 08:21:10 CST 2019
ER=1.0
IGD=3.605551275463989
HV=0.0
EP=3.0
SPREAD=1.2037051932195018
GSPREAD=0.30730714436417383
IGD+=3.605551275463989
GD=0.9266524738305271
TIME=146.97788429260254
