#saving the metrics
#Wed Jan 02 06:28:04 CST 2019
ER=1.0
IGD=4.123105625617661
HV=0.0
EP=3.0
SPREAD=1.143116101950673
GSPREAD=0.6017642781279243
IGD+=4.123105625617661
GD=1.0781692722350404
TIME=135.01507306098938
