#saving the metrics
#Fri Jan 11 08:39:34 CST 2019
ER=1.0
IGD=7.14142842854285
HV=0.0
EP=5.0
SPREAD=1.2426236958418473
GSPREAD=0.3346322246105723
IGD+=7.14142842854285
GD=1.5083140713619563
TIME=154.71242380142212
