#saving the metrics
#Fri Jan 11 08:29:58 CST 2019
ER=1.0
IGD=1.7320508075688772
HV=0.0
EP=1.0
SPREAD=1.34951231034289
GSPREAD=0.8138909324909421
IGD+=1.7320508075688772
GD=0.8392848699759347
TIME=128.42554020881653
