#saving the metrics
#Fri Jan 11 08:14:07 CST 2019
ER=1.0
IGD=2.449489742783178
HV=0.0
EP=2.0
SPREAD=1.2680390512361295
GSPREAD=0.5724172037121978
IGD+=2.449489742783178
GD=0.8965542503437948
TIME=122.7484245300293
