#saving the metrics
#Wed Jan 02 05:54:03 CST 2019
ER=1.0
IGD=6.782329983125268
HV=0.0
EP=5.0
SPREAD=1.1047465441709494
GSPREAD=0.359951732307355
IGD+=6.782329983125268
GD=1.2884978685933535
TIME=145.2572808265686
