#saving the metrics
#Fri Jan 11 07:54:03 CST 2019
ER=1.0
IGD=8.831760866327848
HV=0.0
EP=7.0
SPREAD=1.2638072885947944
GSPREAD=0.727480849810019
IGD+=8.831760866327848
GD=1.7584522157315898
TIME=155.46746063232422
