#saving the metrics
#Wed Jan 02 05:37:57 CST 2019
ER=1.0
IGD=1.4142135623730951
HV=0.0
EP=1.0
SPREAD=1.3106187959604736
GSPREAD=0.2658663881281394
IGD+=1.4142135623730951
GD=0.6199261165838037
TIME=130.05685949325562
