#saving the metrics
#Fri Jan 11 08:23:28 CST 2019
ER=1.0
IGD=2.8284271247461903
HV=0.0
EP=2.0
SPREAD=1.231385787218587
GSPREAD=0.31094256792261105
IGD+=2.8284271247461903
GD=0.8939707341235438
TIME=137.24099016189575
