#saving the metrics
#Wed Jan 02 06:19:10 CST 2019
ER=1.0
IGD=2.23606797749979
HV=0.0
EP=2.0
SPREAD=1.418210807501586
GSPREAD=0.7659258129508413
IGD+=2.23606797749979
GD=0.6953685461436879
TIME=141.36495804786682
