#saving the metrics
#Wed Jan 02 05:56:30 CST 2019
ER=1.0
IGD=5.0990195135927845
HV=0.0
EP=4.0
SPREAD=1.2068444313701914
GSPREAD=1.02651165694357
IGD+=5.0990195135927845
GD=1.4399231523964244
TIME=146.0453770160675
