#saving the metrics
#Wed Jan 02 05:49:10 CST 2019
ER=0.2
IGD=0.0
HV=1.0
EP=0.0
SPREAD=1.7779009561297574
GSPREAD=0.13080488832701206
IGD+=0.0
GD=0.06388765649999399
TIME=125.17690896987915
