#saving the metrics
#Wed Jan 02 05:42:15 CST 2019
ER=1.0
IGD=3.0
HV=0.0
EP=3.0
SPREAD=1.4474248822487281
GSPREAD=0.4651815742927886
IGD+=3.0
GD=0.9459305368254405
TIME=139.13803696632385
