#saving the metrics
#Wed Jan 02 06:14:40 CST 2019
ER=1.0
IGD=4.69041575982343
HV=0.0
EP=3.0
SPREAD=1.2663884074318006
GSPREAD=0.4019970719840365
IGD+=4.69041575982343
GD=1.556552968214427
TIME=147.14730858802795
