#saving the metrics
#Wed Jan 02 05:31:18 CST 2019
ER=1.0
IGD=6.708203932499369
HV=0.0
EP=5.0
SPREAD=1.2650093246580751
GSPREAD=0.32860825272098904
IGD+=6.708203932499369
GD=1.2746259066149797
TIME=154.57508826255798
