#saving the metrics
#Wed Jan 02 05:51:37 CST 2019
ER=1.0
IGD=5.916079783099616
HV=0.0
EP=5.0
SPREAD=1.2729629924000347
GSPREAD=0.4631275903720448
IGD+=5.916079783099616
GD=1.9173630796326298
TIME=146.84753847122192
