#saving the metrics
#Fri Jan 11 08:25:43 CST 2019
ER=1.0
IGD=3.605551275463989
HV=0.0
EP=3.0
SPREAD=1.2773573245556091
GSPREAD=0.39784896610518905
IGD+=3.605551275463989
GD=0.8567194721542484
TIME=134.6541132926941
