#saving the metrics
#Fri Jan 11 08:00:56 CST 2019
ER=1.0
IGD=5.0990195135927845
HV=0.0
EP=4.0
SPREAD=1.3030526861830163
GSPREAD=1.0315290094807668
IGD+=5.0990195135927845
GD=1.3830853806139471
TIME=141.86425948143005
