#saving the metrics
#Wed Jan 02 05:58:48 CST 2019
ER=1.0
IGD=1.7320508075688772
HV=0.0
EP=1.0
SPREAD=1.4538678430577439
GSPREAD=0.2169754866931867
IGD+=1.7320508075688772
GD=0.5405967979549857
TIME=136.90807962417603
