#saving the metrics
#Wed Jan 02 05:24:14 CST 2019
ER=1.0
IGD=4.47213595499958
HV=0.0
EP=4.0
SPREAD=1.3707990567060893
GSPREAD=0.2709682246760993
IGD+=4.47213595499958
GD=1.179376829183709
TIME=158.7451777458191
