#saving the metrics
#Fri Jan 11 08:18:42 CST 2019
ER=1.0
IGD=4.898979485566356
HV=0.0
EP=4.0
SPREAD=1.3228422724244693
GSPREAD=0.5606783060515312
IGD+=4.898979485566356
GD=1.4908945099869733
TIME=143.82450032234192
