#saving the metrics
#Wed Jan 02 05:44:36 CST 2019
ER=1.0
IGD=2.8284271247461903
HV=0.0
EP=2.0
SPREAD=1.2349288542275163
GSPREAD=0.576972522816362
IGD+=2.8284271247461903
GD=0.8194904672113887
TIME=139.73159980773926
