#saving the metrics
#Wed Jan 02 05:21:34 CST 2019
ER=1.0
IGD=1.4142135623730951
HV=0.0
EP=1.0
SPREAD=1.3975092696977502
GSPREAD=1.009749263795038
IGD+=1.4142135623730951
GD=0.7876599286908698
TIME=128.58096170425415
