#saving the metrics
#Wed Jan 02 06:07:47 CST 2019
ER=1.0
IGD=2.0
HV=0.0
EP=2.0
SPREAD=1.4714637795005474
GSPREAD=0.6055070029912202
IGD+=2.0
GD=0.5962087324148396
TIME=137.37332797050476
