#saving the metrics
#Wed Jan 02 05:39:55 CST 2019
ER=1.0
IGD=1.0
HV=0.0
EP=1.0
SPREAD=1.646974089089417
GSPREAD=0.13715281009585556
IGD+=1.0
GD=0.1529750324210382
TIME=117.69197845458984
