#saving the metrics
#Fri Jan 11 08:34:53 CST 2019
ER=1.0
IGD=3.3166247903554
HV=0.0
EP=2.0
SPREAD=1.3035102250413233
GSPREAD=0.46542201855948667
IGD+=3.3166247903554
GD=0.9195286182705757
TIME=141.31783747673035
