#saving the metrics
#Fri Jan 11 08:07:35 CST 2019
ER=1.0
IGD=1.0
HV=0.0
EP=1.0
SPREAD=1.4294653979597196
GSPREAD=1.0500555302623715
IGD+=1.0
GD=0.8656718518596067
TIME=128.40648317337036
