#saving the metrics
#Wed Jan 02 05:35:46 CST 2019
ER=1.0
IGD=1.0
HV=0.0
EP=1.0
SPREAD=1.4818232404545522
GSPREAD=0.06294372294372289
IGD+=1.0
GD=0.47922840477749046
TIME=136.19320511817932
