#saving the metrics
#Sun Jan 13 02:03:28 CST 2019
ER=1.0
IGD=1.7320508075688772
HV=0.0
EP=1.0
SPREAD=1.6011000115099554
GSPREAD=0.03412361952086808
IGD+=1.7320508075688772
GD=0.2590806458712977
TIME=300.63450360298157
