#saving the metrics
#Sun Jan 13 03:37:50 CST 2019
ER=1.0
IGD=1.4142135623730951
HV=0.0
EP=1.0
SPREAD=1.6045855221341145
GSPREAD=0.02803738317757025
IGD+=1.4142135623730951
GD=0.18091238194448825
TIME=293.69501996040344
