#saving the metrics
#Mon Dec 31 17:41:43 CST 2018
ER=1.0
IGD=1.1000446905569012
HV=0.0
EP=4.942857142857143
SPREAD=1.1341910721106916
GSPREAD=0.8692959747297521
IGD+=4.900984996393588
GD=0.4698890666926971
TIME=843.4970633983612
