#saving the metrics
#Thu Jan 10 18:39:14 CST 2019
ER=1.0
IGD=1.0989095162538756
HV=0.0
EP=4.885714285714286
SPREAD=1.1285055762934155
GSPREAD=0.9326662966607424
IGD+=4.904882675236166
GD=0.47420655954436536
TIME=827.924706697464
