#saving the metrics
#Mon Dec 31 17:14:02 CST 2018
ER=1.0
IGD=1.0631823731991772
HV=0.0
EP=4.742857142857143
SPREAD=1.1494325421190845
GSPREAD=0.9829503464122166
IGD+=4.7406392566334645
GD=0.513644343606366
TIME=863.1654350757599
