#saving the metrics
#Mon Dec 31 20:43:57 CST 2018
ER=1.0
IGD=1.0581110681460255
HV=0.0
EP=4.742857142857143
SPREAD=1.1667142766105587
GSPREAD=0.9116313542654505
IGD+=4.723684858547108
GD=0.4933964640009801
TIME=868.5938718318939
