#saving the metrics
#Mon Dec 31 22:23:49 CST 2018
ER=1.0
IGD=1.080030081903368
HV=0.0
EP=4.857142857142857
SPREAD=1.1331516418968466
GSPREAD=0.931271075142987
IGD+=4.817170156030904
GD=0.4703045350535442
TIME=837.513219833374
