#saving the metrics
#Mon Dec 31 18:51:17 CST 2018
ER=1.0
IGD=1.1223998316638162
HV=0.0
EP=5.0285714285714285
SPREAD=1.1263206341909036
GSPREAD=0.9017820160576573
IGD+=5.0074515130636925
GD=0.5028028568164914
TIME=828.4641268253326
