#saving the metrics
#Mon Dec 31 19:18:45 CST 2018
ER=1.0
IGD=1.028847899677093
HV=0.0
EP=4.628571428571429
SPREAD=1.1018325266271949
GSPREAD=0.8647287018981977
IGD+=4.5927313588183765
GD=0.4536257817993158
TIME=824.2659628391266
