#saving the metrics
#Thu Jan 10 13:48:54 CST 2019
ER=1.0
IGD=1.2650577987816074
HV=0.0
EP=5.685714285714286
SPREAD=1.0609867867118046
GSPREAD=1.1208876930996916
IGD+=5.648117570381151
GD=0.5304076989402731
TIME=868.8595507144928
