#saving the metrics
#Mon Dec 31 21:27:21 CST 2018
ER=1.0
IGD=1.06708511027851
HV=0.0
EP=4.8
SPREAD=1.1235163147718297
GSPREAD=0.9035572160708832
IGD+=4.758895914239838
GD=0.4819016298025296
TIME=840.9954800605774
