#saving the metrics
#Thu Jan 10 19:08:22 CST 2019
ER=1.0
IGD=1.142897102076335
HV=0.0
EP=5.142857142857143
SPREAD=1.0844816704821247
GSPREAD=0.9312857110487113
IGD+=5.101706831788545
GD=0.49769249891902123
TIME=873.538019657135
