#saving the metrics
#Mon Dec 31 17:55:50 CST 2018
ER=1.0
IGD=1.1683939609889182
HV=0.0
EP=5.257142857142857
SPREAD=1.040282963799948
GSPREAD=0.8934017477399431
IGD+=5.212756741211317
GD=0.4993403846039104
TIME=847.1668920516968
