#saving the metrics
#Thu Jan 10 15:46:37 CST 2019
ER=1.0
IGD=1.0093455189610752
HV=0.0
EP=4.542857142857143
SPREAD=1.0897317873510604
GSPREAD=0.9331901452043938
IGD+=4.5025245636762055
GD=0.46890408595444594
TIME=851.9957053661346
