#saving the metrics
#Thu Jan 10 14:17:39 CST 2019
ER=1.0
IGD=1.0455384523972515
HV=0.0
EP=4.6571428571428575
SPREAD=1.0789823736621142
GSPREAD=0.900315740494785
IGD+=4.669795342244025
GD=0.4776871967271279
TIME=855.2192759513855
