#saving the metrics
#Mon Dec 31 22:38:26 CST 2018
ER=1.0
IGD=1.0795253474350497
HV=0.0
EP=4.857142857142857
SPREAD=1.1368040859149857
GSPREAD=0.9048848518026447
IGD+=4.8160579626943845
GD=0.5132357409354705
TIME=876.509893655777
