#saving the metrics
#Mon Dec 31 18:23:54 CST 2018
ER=1.0
IGD=0.999881053414789
HV=0.0
EP=4.485714285714286
SPREAD=1.0809864088803467
GSPREAD=0.919246766113223
IGD+=4.460604052751535
GD=0.4640375598598014
TIME=818.4816098213196
