#saving the metrics
#Mon Dec 31 20:16:19 CST 2018
ER=1.0
IGD=1.1179852219628124
HV=0.0
EP=5.0285714285714285
SPREAD=1.1299645824516935
GSPREAD=0.9048470744711274
IGD+=4.981737102138865
GD=0.4913773012686064
TIME=852.6073315143585
