#saving the metrics
#Thu Jan 10 19:22:58 CST 2019
ER=1.0
IGD=1.0907901062134888
HV=0.0
EP=4.914285714285715
SPREAD=1.075499611570972
GSPREAD=0.9133913546923352
IGD+=4.870440162869845
GD=0.5105299122700792
TIME=876.084794998169
