#saving the metrics
#Thu Jan 10 16:30:31 CST 2019
ER=1.0
IGD=1.1303162264044218
HV=0.0
EP=5.085714285714285
SPREAD=1.1462322628190955
GSPREAD=0.9059520268044041
IGD+=5.040335394263524
GD=0.4827874298192313
TIME=905.7566995620728
