#saving the metrics
#Mon Dec 31 20:29:28 CST 2018
ER=1.0
IGD=0.9267105905548816
HV=0.0
EP=4.114285714285714
SPREAD=1.1107105165039062
GSPREAD=0.9305752906081706
IGD+=4.131593268378479
GD=0.41351627497637433
TIME=788.4266574382782
