#saving the metrics
#Thu Jan 10 17:57:27 CST 2019
ER=1.0
IGD=1.1351276917680635
HV=0.0
EP=5.0285714285714285
SPREAD=1.1857141686811747
GSPREAD=0.8917958032612108
IGD+=5.062151307235785
GD=0.535514491807807
TIME=871.921718120575
