#saving the metrics
#Mon Dec 31 19:33:32 CST 2018
ER=1.0
IGD=1.1302518064597418
HV=0.0
EP=5.057142857142857
SPREAD=1.1196087847192409
GSPREAD=0.9336080781788544
IGD+=5.047097075085802
GD=0.5337077973883179
TIME=887.1171298027039
