#saving the metrics
#Mon Dec 31 16:44:24 CST 2018
ER=1.0
IGD=1.1397795474945427
HV=0.0
EP=5.057142857142857
SPREAD=1.0735333108126548
GSPREAD=0.9248773112479823
IGD+=5.089481605018346
GD=0.5084741780545597
TIME=860.2937998771667
