#saving the metrics
#Mon Dec 31 18:10:15 CST 2018
ER=1.0
IGD=1.1242235030775285
HV=0.0
EP=5.057142857142857
SPREAD=1.0996505984873601
GSPREAD=0.8985015386861375
IGD+=5.012357258975238
GD=0.4883513281191319
TIME=864.8258240222931
