#saving the metrics
#Thu Jan 10 18:25:26 CST 2019
ER=1.0
IGD=1.1304104105919641
HV=0.0
EP=5.085714285714285
SPREAD=1.0783332361764661
GSPREAD=0.8822252423616728
IGD+=5.04108564755032
GD=0.5080086190653639
TIME=854.9034373760223
