#saving the metrics
#Mon Dec 31 22:09:51 CST 2018
ER=1.0
IGD=1.181521219211461
HV=0.0
EP=5.314285714285714
SPREAD=1.0885156112186314
GSPREAD=0.8834616398371146
IGD+=5.271934962619155
GD=0.49202409497084937
TIME=844.9940857887268
