#saving the metrics
#Mon Dec 31 17:27:39 CST 2018
ER=1.0
IGD=1.0395505755474725
HV=0.0
EP=4.628571428571429
SPREAD=1.0498196803413937
GSPREAD=0.9002266667823188
IGD+=4.637667821409599
GD=0.43918486202601364
TIME=816.1895091533661
