#saving the metrics
#Mon Dec 31 21:13:19 CST 2018
ER=1.0
IGD=1.0642227899910717
HV=0.0
EP=4.714285714285714
SPREAD=1.16145728326949
GSPREAD=0.9773818590619209
IGD+=4.743009172342941
GD=0.5156405958589979
TIME=884.3738355636597
