#saving the metrics
#Thu Jan 10 13:34:25 CST 2019
ER=1.0
IGD=1.1326960476615067
HV=0.0
EP=5.057142857142857
SPREAD=1.0996183582741268
GSPREAD=0.9260185960420938
IGD+=5.0578169358928955
GD=0.5327114978541865
TIME=868.2258923053741
