#saving the metrics
#Mon Dec 31 18:37:28 CST 2018
ER=1.0
IGD=1.1026895360473428
HV=0.0
EP=4.942857142857143
SPREAD=1.0983321760411757
GSPREAD=1.228255212378304
IGD+=4.91551172557593
GD=0.4721318827164703
TIME=813.7199330329895
