#saving the metrics
#Thu Jan 10 18:53:48 CST 2019
ER=1.0
IGD=1.1788826359878528
HV=0.0
EP=5.228571428571429
SPREAD=1.1404211745725588
GSPREAD=0.9835769628864189
IGD+=5.260521468324899
GD=0.5022736160247592
TIME=873.68137383461
