#saving the metrics
#Thu Jan 10 14:32:02 CST 2019
ER=1.0
IGD=1.2209711868099389
HV=0.0
EP=5.485714285714286
SPREAD=1.0757100214577322
GSPREAD=0.8761996404357454
IGD+=5.450704060255678
GD=0.5360580703751495
TIME=863.3088166713715
