#saving the metrics
#Mon Dec 31 23:07:12 CST 2018
ER=1.0
IGD=1.1121198039616893
HV=0.0
EP=4.942857142857143
SPREAD=1.0845291332858409
GSPREAD=1.0917244432521807
IGD+=4.964842267956898
GD=0.4967315409136432
TIME=840.7979464530945
