#saving the metrics
#Mon Dec 31 19:05:00 CST 2018
ER=1.0
IGD=0.9832793909995349
HV=0.0
EP=4.371428571428571
SPREAD=1.1469430467542265
GSPREAD=0.9362967945761254
IGD+=4.38691497017665
GD=0.477522384105958
TIME=822.2997608184814
