#saving the metrics
#Mon Dec 31 21:41:59 CST 2018
ER=1.0
IGD=1.1959082550930906
HV=0.0
EP=5.371428571428571
SPREAD=1.107061910931795
GSPREAD=0.921140452029877
IGD+=5.335041965480941
GD=0.508393667065907
TIME=878.1492538452148
