#saving the metrics
#Mon Dec 31 16:59:39 CST 2018
ER=1.0
IGD=1.2018054814691337
HV=0.0
EP=5.4
SPREAD=1.1169627201512182
GSPREAD=0.9287367958941615
IGD+=5.359732802402185
GD=0.5508402594239157
TIME=914.2392287254333
