#saving the metrics
#Mon Dec 31 21:55:46 CST 2018
ER=1.0
IGD=1.058196503780811
HV=0.0
EP=4.742857142857143
SPREAD=1.1515793506511467
GSPREAD=0.9124794216273122
IGD+=4.716061228438009
GD=0.46786862229722087
TIME=826.0848276615143
