#saving the metrics
#Mon Dec 31 20:58:35 CST 2018
ER=1.0
IGD=1.1686864369968006
HV=0.0
EP=5.257142857142857
SPREAD=1.0765039866059547
GSPREAD=0.9253180172518729
IGD+=5.214017442508839
GD=0.5238791841102819
TIME=877.3150656223297
