#saving the metrics
#Mon Dec 31 23:21:47 CST 2018
ER=1.0
IGD=1.2881524859230562
HV=0.0
EP=5.742857142857143
SPREAD=1.005215055418444
GSPREAD=0.9233485402058899
IGD+=5.750850982222935
GD=0.5669285301324196
TIME=874.2970097064972
