#saving the metrics
#Mon Dec 31 22:53:11 CST 2018
ER=1.0
IGD=1.1083807245293633
HV=0.0
EP=4.885714285714286
SPREAD=1.0818345672242227
GSPREAD=1.063784732250259
IGD+=4.946144656429112
GD=0.49484251890426556
TIME=884.7418148517609
