#saving the metrics
#Thu Jan 10 19:37:19 CST 2019
ER=1.0
IGD=1.1556302733106478
HV=0.0
EP=5.171428571428572
SPREAD=1.0853245544614096
GSPREAD=0.9076541477570494
IGD+=5.1506800000098965
GD=0.5112935851716398
TIME=860.1804866790771
