#saving the metrics
#Mon Dec 31 16:30:03 CST 2018
ER=1.0
IGD=1.0922715514180785
HV=0.0
EP=4.828571428571428
SPREAD=1.0574358741954315
GSPREAD=0.9616934124868568
IGD+=4.8709294730011585
GD=0.47731083485255404
TIME=842.2056684494019
