#saving the metrics
#Mon Dec 31 19:47:53 CST 2018
ER=1.0
IGD=1.112065800875575
HV=0.0
EP=5.0
SPREAD=1.0766842865151562
GSPREAD=0.8617867276160072
IGD+=4.960980005280102
GD=0.4848327842801859
TIME=860.6307637691498
