#saving the metrics
#Mon Dec 31 20:02:06 CST 2018
ER=1.0
IGD=1.0232736609368334
HV=0.0
EP=4.571428571428571
SPREAD=1.0902456065894934
GSPREAD=0.8796300554997791
IGD+=4.561105132696755
GD=0.4721591608395132
TIME=852.6113424301147
