#saving the metrics
#Thu Jan 10 16:45:36 CST 2019
ER=1.0
IGD=1.1334290231497377
HV=0.0
EP=5.085714285714285
SPREAD=1.1291103019269888
GSPREAD=0.9395793603254694
IGD+=5.053267101263897
GD=0.5219439251828547
TIME=904.6547250747681
