#saving the metrics
#Thu Jan 10 20:06:56 CST 2019
ER=1.0
IGD=1.1419765891481657
HV=0.0
EP=5.114285714285714
SPREAD=1.160790434675183
GSPREAD=0.9772224338704096
IGD+=5.10022521521098
GD=0.5101852932496708
TIME=895.2307107448578
