#saving the metrics
#Thu Jan 10 17:13:58 CST 2019
ER=1.0
IGD=1.1230602685889643
HV=0.0
EP=5.0285714285714285
SPREAD=1.1219210665208763
GSPREAD=0.8757397815390849
IGD+=5.01561083167208
GD=0.47958997468726255
TIME=838.6692659854889
