#saving the metrics
#Tue Jan 15 10:32:50 CST 2019
ER=1.0
IGD=49.49747468305833
HV=0.0
EP=47.0
SPREAD=1.1839242376919143
GSPREAD=0.8148840891229862
IGD+=49.49747468305833
GD=7.4381805982541795
TIME=203.02493000030518
