#saving the metrics
#Tue Jan 15 10:57:26 CST 2019
ER=1.0
IGD=50.93132631298737
HV=0.0
EP=43.0
SPREAD=1.2203110596258633
GSPREAD=1.1861581107613024
IGD+=50.93132631298737
GD=7.507015615190368
TIME=218.3887584209442
