#saving the metrics
#Tue Jan 15 11:15:06 CST 2019
ER=1.0
IGD=55.65069631190611
HV=0.0
EP=44.0
SPREAD=1.084685841919164
GSPREAD=0.799107639852338
IGD+=55.65069631190611
GD=7.710598766200543
TIME=205.4012212753296
