#saving the metrics
#Tue Jan 15 12:07:54 CST 2019
ER=1.0
IGD=43.93176527297759
HV=0.0
EP=37.0
SPREAD=1.1518319018768364
GSPREAD=0.7650858395883572
IGD+=43.93176527297759
GD=6.857242062774435
TIME=206.79495763778687
