#saving the metrics
#Tue Jan 15 11:40:05 CST 2019
ER=1.0
IGD=60.21627686929839
HV=0.0
EP=56.0
SPREAD=1.1474012658638952
GSPREAD=0.7439020695269373
IGD+=60.21627686929839
GD=8.275330110356574
TIME=213.81362557411194
