#saving the metrics
#Tue Jan 15 11:46:52 CST 2019
ER=1.0
IGD=49.8196748283246
HV=0.0
EP=42.0
SPREAD=1.1892329768804457
GSPREAD=0.8107099821282137
IGD+=49.8196748283246
GD=7.714938244007112
TIME=199.7301709651947
