#saving the metrics
#Tue Jan 15 11:57:22 CST 2019
ER=1.0
IGD=45.79301256742124
HV=0.0
EP=41.0
SPREAD=1.1737146010591906
GSPREAD=0.8730622593845918
IGD+=45.79301256742124
GD=6.780557773429916
TIME=212.51014256477356
