#saving the metrics
#Tue Jan 15 11:43:30 CST 2019
ER=1.0
IGD=50.0199960015992
HV=0.0
EP=46.0
SPREAD=1.212491600561925
GSPREAD=1.023582384313065
IGD+=50.0199960015992
GD=6.906134510531273
TIME=203.85711669921875
