#saving the metrics
#Tue Jan 15 11:53:49 CST 2019
ER=1.0
IGD=53.23532661682466
HV=0.0
EP=44.0
SPREAD=1.1787628989809023
GSPREAD=0.9348325287105661
IGD+=53.23532661682466
GD=6.891455158020789
TIME=208.00715112686157
