#saving the metrics
#Tue Jan 15 11:32:46 CST 2019
ER=1.0
IGD=47.634021455258214
HV=0.0
EP=41.0
SPREAD=1.1744280133070746
GSPREAD=0.7336800528040903
IGD+=47.634021455258214
GD=6.934562946956796
TIME=204.8407597541809
