#saving the metrics
#Tue Jan 15 10:53:47 CST 2019
ER=1.0
IGD=67.1863081289633
HV=0.0
EP=55.0
SPREAD=1.1134011127981593
GSPREAD=0.7770756971576778
IGD+=67.1863081289633
GD=8.84979213663677
TIME=224.4007740020752
