#saving the metrics
#Tue Jan 15 11:29:20 CST 2019
ER=1.0
IGD=51.468436929831086
HV=0.0
EP=41.0
SPREAD=1.200033021047805
GSPREAD=1.0636628416516112
IGD+=51.468436929831086
GD=7.2335010482453095
TIME=210.8677806854248
