#saving the metrics
#Tue Jan 15 11:36:29 CST 2019
ER=1.0
IGD=52.43090691567332
HV=0.0
EP=45.0
SPREAD=1.185815652611726
GSPREAD=0.9732446782509062
IGD+=52.43090691567332
GD=7.980384114329642
TIME=222.65510439872742
