#saving the metrics
#Tue Jan 15 10:43:14 CST 2019
ER=1.0
IGD=50.0199960015992
HV=0.0
EP=40.0
SPREAD=1.0768432078285457
GSPREAD=1.1583534217926317
IGD+=50.0199960015992
GD=7.202714278001144
TIME=210.64518475532532
