#saving the metrics
#Tue Jan 15 10:25:53 CST 2019
ER=1.0
IGD=50.05996404313531
HV=0.0
EP=43.0
SPREAD=1.082977352582756
GSPREAD=0.7789498328106103
IGD+=50.05996404313531
GD=6.710975205483684
TIME=208.11042594909668
