#saving the metrics
#Tue Jan 15 11:08:04 CST 2019
ER=1.0
IGD=54.38749856354859
HV=0.0
EP=46.0
SPREAD=1.1333115612783076
GSPREAD=0.945950601128083
IGD+=54.38749856354859
GD=8.048909448531372
TIME=215.4559609889984
