#saving the metrics
#Tue Jan 15 11:50:19 CST 2019
ER=1.0
IGD=50.78385570237849
HV=0.0
EP=43.0
SPREAD=1.144988726368748
GSPREAD=0.8248743920850251
IGD+=50.78385570237849
GD=6.537483063630546
TIME=206.09208703041077
