#saving the metrics
#Tue Jan 15 12:00:52 CST 2019
ER=1.0
IGD=58.309518948453004
HV=0.0
EP=43.0
SPREAD=1.0965691215832036
GSPREAD=1.1349113810435225
IGD+=58.309518948453004
GD=7.773027379890417
TIME=208.91960501670837
