#saving the metrics
#Tue Jan 15 10:46:42 CST 2019
ER=1.0
IGD=52.16320542297991
HV=0.0
EP=41.0
SPREAD=1.0929775110567206
GSPREAD=0.8016088008579898
IGD+=52.16320542297991
GD=7.015434878224745
TIME=207.58602333068848
