meanHV: 	1.0	0.9292361012201489
meanET: 	100.1988437016805	138.32185323238372
p__Val: 	2.886006262264412e-11	1.5099296795810785e-11
