#saving the metrics
#Sun Jan 20 18:18:14 CST 2019
ER=1.0
IGD=1.0
HV=0.0
EP=1.0
SPREAD=1.4744779251900726
GSPREAD=0.027777777777777776
IGD+=1.0
GD=0.5024204452994278
TIME=165.11712050437927
