#saving the metrics
#Sun Jan 20 18:02:02 CST 2019
ER=1.0
IGD=1.0
HV=0.0
EP=1.0
SPREAD=1.4037877630304956
GSPREAD=0.11952388584645228
IGD+=1.0
GD=0.4245312207242413
TIME=173.11837124824524
