#saving the metrics
#Sun Jan 20 18:10:02 CST 2019
ER=1.0
IGD=1.0
HV=0.0
EP=1.0
SPREAD=1.513954552714448
GSPREAD=0.027777777777777776
IGD+=1.0
GD=0.18467351837776494
TIME=160.14991331100464
