#saving the metrics
#Sun Jan 20 18:56:46 CST 2019
ER=1.0
IGD=1.7320508075688772
HV=0.0
EP=1.0
SPREAD=1.4120904802506427
GSPREAD=0.16612555137934334
IGD+=1.7320508075688772
GD=0.40641120558765464
TIME=162.80391669273376
