#saving the metrics
#Sun Jan 20 18:32:03 CST 2019
ER=1.0
IGD=1.0
HV=0.0
EP=1.0
SPREAD=1.5402230743089105
GSPREAD=0.15328407224958934
IGD+=1.0
GD=0.3708175682653673
TIME=170.25277853012085
