#saving the metrics
#Sun Dec 30 09:34:52 CST 2018
ER=1.0
IGD=0.04490257303032402
HV=0.6736755308183879
EP=0.1111111111111111
SPREAD=0.6871091072724309
GSPREAD=0.24045296210976194
IGD+=0.08096085775992577
GD=0.036256344054903904
TIME=302.58316254615784
