#saving the metrics
#Sun Dec 30 10:55:23 CST 2018
ER=1.0
IGD=0.041425034575725564
HV=0.6830550401978972
EP=0.1111111111111111
SPREAD=0.7773785352884351
GSPREAD=0.45196873872380877
IGD+=0.0821210429023024
GD=0.04086938071009389
TIME=296.7040305137634
