#saving the metrics
#Sun Dec 30 08:54:39 CST 2018
ER=1.0
IGD=0.03212132794583446
HV=0.6726448155019583
EP=0.1111111111111111
SPREAD=0.796310480579749
GSPREAD=0.2749010309816481
IGD+=0.09120488902265442
GD=0.03669091845981458
TIME=302.4547791481018
