#saving the metrics
#Sun Dec 30 08:29:11 CST 2018
ER=0.9711538461538461
IGD=0.026521100248838782
HV=0.7293341579055864
EP=0.05555555555555555
SPREAD=0.8632074901847201
GSPREAD=0.24130607813257773
IGD+=0.03426321230663864
GD=0.036362746180024386
TIME=318.63233375549316
