#saving the metrics
#Sun Dec 30 09:09:34 CST 2018
ER=0.9807692307692307
IGD=0.022624126063636847
HV=0.7167594310451453
EP=0.05555555555555555
SPREAD=0.8601307378542533
GSPREAD=0.26863871975612164
IGD+=0.05025062568504992
GD=0.035027470396314826
TIME=296.3976047039032
