#saving the metrics
#Sun Dec 30 10:35:28 CST 2018
ER=1.0
IGD=0.030288584574975387
HV=0.6859410430839004
EP=0.09090909090909094
SPREAD=0.8118281275315661
GSPREAD=0.2382672060804631
IGD+=0.08052866287026482
GD=0.03242473779517062
TIME=293.8678562641144
