#saving the metrics
#Sun Dec 30 09:40:06 CST 2018
ER=0.9807692307692307
IGD=0.03591695789417427
HV=0.7070707070707071
EP=0.061224489795918324
SPREAD=0.8046120370524231
GSPREAD=0.22657063456481663
IGD+=0.053302016716540036
GD=0.03509191644615209
TIME=313.0865890979767
