#saving the metrics
#Sun Dec 30 10:15:24 CST 2018
ER=0.9230769230769231
IGD=0.06616861354411768
HV=0.7320140177283035
EP=0.1111111111111111
SPREAD=0.8823345867355616
GSPREAD=0.25619817565751013
IGD+=0.04139414948730226
GD=0.03800996803869951
TIME=294.50669527053833
