#saving the metrics
#Sun Dec 30 10:40:28 CST 2018
ER=1.0
IGD=0.0352398913768613
HV=0.6998556998557001
EP=0.09090909090909091
SPREAD=0.8013409435906723
GSPREAD=0.2654262654060055
IGD+=0.057403655608231186
GD=0.032724048251587826
TIME=299.79283380508423
