meanHV: 	1.0	0.9728407557354924
meanET: 	137.2103475491206	150.5488314787547
p__Val: 	6.358642572964385e-06	6.028339503179921e-11
