#saving the metrics
#Sat Jan 12 19:56:15 CST 2019
ER=1.0
IGD=130.36103712382777
HV=0.0
EP=125.0
SPREAD=1.1111791651107992
GSPREAD=0.873503796438716
IGD+=130.36103712382777
GD=15.978148343590878
TIME=837.4490494728088
