#saving the metrics
#Sat Jan 12 16:55:05 CST 2019
ER=1.0
IGD=159.18856742869445
HV=0.0
EP=156.0
SPREAD=1.1078574578921532
GSPREAD=0.9599323024558755
IGD+=159.18856742869445
GD=18.632724242536643
TIME=878.0379858016968
