#saving the metrics
#Sat Jan 12 17:34:48 CST 2019
ER=1.0
IGD=121.01239605924675
HV=0.0
EP=116.0
SPREAD=1.0793892536067053
GSPREAD=0.8782174816609961
IGD+=121.01239605924675
GD=14.597716716436627
TIME=817.6433820724487
