#saving the metrics
#Sat Jan 12 15:14:49 CST 2019
ER=1.0
IGD=159.5650337636664
HV=0.0
EP=150.0
SPREAD=1.0946220818389072
GSPREAD=0.9667107161811049
IGD+=159.5650337636664
GD=19.769010770599337
TIME=885.1599266529083
