#saving the metrics
#Sat Jan 12 21:04:11 CST 2019
ER=1.0
IGD=140.52046114356443
HV=0.0
EP=137.0
SPREAD=1.0745631624933585
GSPREAD=0.9126961777962689
IGD+=140.52046114356443
GD=17.33782516366732
TIME=826.9771723747253
