#saving the metrics
#Sat Jan 12 20:50:24 CST 2019
ER=1.0
IGD=134.33167906342868
HV=0.0
EP=126.0
SPREAD=1.0864101651389784
GSPREAD=0.8939304850441713
IGD+=134.33167906342868
GD=16.519241855300834
TIME=858.6975553035736
