#saving the metrics
#Sat Jan 12 22:01:16 CST 2019
ER=1.0
IGD=151.03310895297096
HV=0.0
EP=147.0
SPREAD=1.086156302957027
GSPREAD=0.9388377689604869
IGD+=151.03310895297096
GD=17.94304670812814
TIME=875.1854014396667
