#saving the metrics
#Sat Jan 12 19:42:17 CST 2019
ER=1.0
IGD=131.71180660821565
HV=0.0
EP=125.0
SPREAD=1.1044011885523104
GSPREAD=1.2999800244867885
IGD+=131.71180660821565
GD=15.983055086141112
TIME=839.7220931053162
