#saving the metrics
#Sat Jan 12 20:09:27 CST 2019
ER=1.0
IGD=111.66467659918243
HV=0.0
EP=109.0
SPREAD=1.0956243680680922
GSPREAD=0.8805891609216226
IGD+=111.66467659918243
GD=14.357341071047435
TIME=791.6973707675934
