#saving the metrics
#Sat Jan 12 21:46:40 CST 2019
ER=1.0
IGD=157.02547564010115
HV=0.0
EP=151.0
SPREAD=1.062229760545647
GSPREAD=0.8718598121523701
IGD+=157.02547564010115
GD=18.43025955108016
TIME=834.9794821739197
