#saving the metrics
#Sat Jan 12 15:56:43 CST 2019
ER=1.0
IGD=144.90341610879986
HV=0.0
EP=140.0
SPREAD=1.093391361240595
GSPREAD=0.9075924674243281
IGD+=144.90341610879986
GD=17.24606498218114
TIME=876.0787479877472
