#saving the metrics
#Sat Jan 12 18:03:16 CST 2019
ER=1.0
IGD=148.07430567117308
HV=0.0
EP=135.0
SPREAD=1.087144238468033
GSPREAD=0.8961528634991581
IGD+=148.07430567117308
GD=17.66419697793487
TIME=822.377968788147
