#saving the metrics
#Sat Jan 12 17:49:33 CST 2019
ER=1.0
IGD=144.95516548229662
HV=0.0
EP=141.0
SPREAD=1.0688388637661135
GSPREAD=0.9034112714951938
IGD+=144.95516548229662
GD=17.43722397761041
TIME=884.7117342948914
