#saving the metrics
#Sat Jan 12 16:40:26 CST 2019
ER=1.0
IGD=141.94365079143202
HV=0.0
EP=139.0
SPREAD=1.1377547924748717
GSPREAD=0.9046864627342565
IGD+=141.94365079143202
GD=17.213196962210823
TIME=840.3497622013092
