#saving the metrics
#Thu Jan 02 21:53:23 CST 2020
ER=1.0
IGD=9.0
HV=0.0
EP=9.0
SPREAD=1.0
GSPREAD=1.0
IGD+=9.0
GD=0.8783100656536799
TIME=269.72718358039856
