#saving the metrics
#Thu Jan 02 21:13:55 CST 2020
ER=1.0
IGD=11.180339887498949
HV=0.0
EP=11.0
SPREAD=1.393768510478793
GSPREAD=1.1866446656474827
IGD+=11.180339887498949
GD=2.1849412472577505
TIME=302.59705781936646
