#saving the metrics
#Thu Jan 02 21:19:01 CST 2020
ER=1.0
IGD=19.0
HV=0.0
EP=19.0
SPREAD=1.0
GSPREAD=1.0
IGD+=19.0
GD=1.854210138602213
TIME=304.7204086780548
