#saving the metrics
#Thu Jan 02 22:08:12 CST 2020
ER=1.0
IGD=30.0
HV=0.0
EP=30.0
SPREAD=1.0
GSPREAD=1.0
IGD+=30.0
GD=2.9277002188455996
TIME=353.6532609462738
