#saving the metrics
#Thu Jan 02 22:53:15 CST 2020
ER=1.0
IGD=1.0
HV=0.0
EP=1.0
SPREAD=1.4101053571074944
GSPREAD=0.06294372294372289
IGD+=1.0
GD=1.8651354263779774
TIME=843.5179197788239
