#saving the metrics
#Thu Jan 02 21:58:14 CST 2020
ER=1.0
IGD=13.379088160259652
HV=0.0
EP=13.0
SPREAD=1.2601428418992793
GSPREAD=0.6315025137064781
IGD+=13.379088160259652
GD=1.917197501172845
TIME=289.3497552871704
