#saving the metrics
#Thu Jan 02 22:15:18 CST 2020
ER=1.0
IGD=23.0
HV=0.0
EP=23.0
SPREAD=1.0
GSPREAD=1.0
IGD+=23.0
GD=2.2445701677816263
TIME=424.3130614757538
