#saving the metrics
#Thu Jan 02 23:59:58 CST 2020
ER=1.0
IGD=6.708203932499369
HV=0.0
EP=6.0
SPREAD=1.4015819049876224
GSPREAD=1.1712541453866856
IGD+=6.708203932499369
GD=1.565037508696874
TIME=232.35054779052734
