#saving the metrics
#Thu Jan 02 22:25:36 CST 2020
ER=1.0
IGD=1.0
HV=0.0
EP=1.0
SPREAD=1.4229253717975805
GSPREAD=0.6931015085204772
IGD+=1.0
GD=0.5917804336345137
TIME=358.4328660964966
