#saving the metrics
#Thu Jan 02 22:19:36 CST 2020
ER=1.0
IGD=2.0
HV=0.0
EP=2.0
SPREAD=1.3652697261196698
GSPREAD=0.8931414300482755
IGD+=2.0
GD=1.1032008675644753
TIME=257.0194170475006
