#saving the metrics
#Thu Jan 02 16:48:55 CST 2020
ER=1.0
IGD=8.602325267042627
HV=0.0
EP=8.0
SPREAD=1.3290283437169819
GSPREAD=1.30964763414852
IGD+=8.602325267042627
GD=2.1129553944336386
TIME=237.0777986049652
