#saving the metrics
#Thu Jan 02 21:02:48 CST 2020
ER=1.0
IGD=14.035668847618199
HV=0.0
EP=14.0
SPREAD=1.1100628062741975
GSPREAD=0.2862338615434212
IGD+=14.035668847618199
GD=1.45944418333249
TIME=12326.588253498077
