#saving the metrics
#Thu Jan 02 16:44:57 CST 2020
ER=1.0
IGD=15.033296378372908
HV=0.0
EP=15.0
SPREAD=1.270796293856752
GSPREAD=0.9207290215880665
IGD+=15.033296378372908
GD=1.9096841162967975
TIME=5661.49974155426
