#saving the metrics
#Thu Jan 02 15:10:35 CST 2020
ER=1.0
IGD=4.242640687119285
HV=0.0
EP=3.0
SPREAD=1.3850999924762635
GSPREAD=1.0694560463320635
IGD+=4.242640687119285
GD=1.5554745686724833
TIME=348.15936303138733
