#saving the metrics
#Thu Jan 02 23:47:47 CST 2020
ER=1.0
IGD=21.61018278497431
HV=0.0
EP=21.0
SPREAD=1.2320286685117865
GSPREAD=0.6749763385802238
IGD+=21.61018278497431
GD=2.4154641624709328
TIME=3065.550393342972
