#saving the metrics
#Thu Jan 02 17:37:20 CST 2020
ER=1.0
IGD=7.0
HV=0.0
EP=7.0
SPREAD=1.1741263063119223
GSPREAD=0.16666666666666666
IGD+=7.0
GD=0.7383870390934105
TIME=2639.634877204895
