#saving the metrics
#Thu Jan 02 16:53:19 CST 2020
ER=1.0
IGD=1.4142135623730951
HV=0.0
EP=1.0
SPREAD=1.5221299537515882
GSPREAD=0.02777777777777778
IGD+=1.4142135623730951
GD=0.1535668142533057
TIME=263.36686730384827
