#saving the metrics
#Thu Jan 02 22:33:04 CST 2020
ER=1.0
IGD=11.40175425099138
HV=0.0
EP=11.0
SPREAD=1.3599985021172505
GSPREAD=1.0989371640116352
IGD+=11.40175425099138
GD=1.9325590755521205
TIME=446.9586102962494
