#saving the metrics
#Thu Jan 02 21:08:52 CST 2020
ER=1.0
IGD=24.20743687382041
HV=0.0
EP=24.0
SPREAD=1.264956041948479
GSPREAD=0.8823557225658469
IGD+=24.20743687382041
GD=2.98507246082434
TIME=362.0436532497406
