#saving the metrics
#Thu Jan 02 21:45:13 CST 2020
ER=1.0
IGD=1.0
HV=0.0
EP=1.0
SPREAD=1.0
GSPREAD=1.0
IGD+=1.0
GD=0.09759000729485331
TIME=238.08057236671448
