#saving the metrics
#Thu Jan 02 21:23:36 CST 2020
ER=1.0
IGD=2.449489742783178
HV=0.0
EP=2.0
SPREAD=1.493112562445782
GSPREAD=0.2011661307867359
IGD+=2.449489742783178
GD=0.3847430452709363
TIME=273.39282155036926
