#saving the metrics
#Thu Jan 02 22:39:11 CST 2020
ER=1.0
IGD=12.36931687685298
HV=0.0
EP=12.0
SPREAD=1.3869364513789082
GSPREAD=0.9572478512344968
IGD+=12.36931687685298
GD=1.8220120447341897
TIME=365.17052817344666
