#saving the metrics
#Sun Jan 20 18:54:03 CST 2019
ER=1.0
IGD=3.0
HV=0.0
EP=3.0
SPREAD=1.430753156835814
GSPREAD=0.07894736842105263
IGD+=3.0
GD=0.6948465955757572
TIME=169.98704028129578
