#saving the metrics
#Sun Jan 20 18:40:27 CST 2019
ER=1.0
IGD=1.0
HV=0.0
EP=1.0
SPREAD=1.4229916990545526
GSPREAD=0.1286761497554873
IGD+=1.0
GD=0.38989503791349944
TIME=169.27718544006348
