#saving the metrics
#Sun Jan 20 17:37:27 CST 2019
ER=1.0
IGD=1.4142135623730951
HV=0.0
EP=1.0
SPREAD=1.5871714792019607
GSPREAD=0.25634777250958346
IGD+=1.4142135623730951
GD=0.2566132111487139
TIME=179.15241861343384
