#saving the metrics
#Sun Jan 20 18:04:47 CST 2019
ER=1.0
IGD=1.0
HV=0.0
EP=1.0
SPREAD=1.4038028424033273
GSPREAD=0.11468979172363872
IGD+=1.0
GD=0.45435658826196434
TIME=164.01416206359863
