#saving the metrics
#Sun Jan 20 17:40:10 CST 2019
ER=0.009523809523809525
IGD=0.0
HV=1.0
EP=0.0
SPREAD=1.4903846153846136
GSPREAD=0.0
IGD+=0.0
GD=0.01904761904761905
TIME=162.4059121608734
