#saving the metrics
#Sun Jan 20 17:45:39 CST 2019
ER=1.0
IGD=1.4142135623730951
HV=0.0
EP=1.0
SPREAD=1.4519689402652542
GSPREAD=0.7294746533158876
IGD+=1.4142135623730951
GD=0.5113673812822399
TIME=172.9529628753662
