#saving the metrics
#Sun Dec 30 06:07:59 CST 2018
ER=0.9807692307692307
IGD=0.02695150895690757
HV=0.6566745036572623
EP=0.06896551724137931
SPREAD=0.7036220267595863
GSPREAD=0.4366256401063465
IGD+=0.04295039652536602
GD=0.042819747483695034
TIME=74.22211241722107
