#saving the metrics
#Sun Dec 30 06:00:31 CST 2018
ER=1.0
IGD=0.030658163795017
HV=0.6571969696969696
EP=0.06896551724137931
SPREAD=0.8313602543413228
GSPREAD=0.5108235000944664
IGD+=0.04280489077413475
GD=0.03745857917568352
TIME=73.91633939743042
