#saving the metrics
#Sun Dec 30 05:49:17 CST 2018
ER=0.9807692307692307
IGD=0.02661916744214027
HV=0.653866248693835
EP=0.06896551724137931
SPREAD=0.803440249157362
GSPREAD=0.3910653815753604
IGD+=0.034836306818232576
GD=0.03726757426973205
TIME=73.7665958404541
