#saving the metrics
#Sun Dec 30 06:05:28 CST 2018
ER=0.9807692307692307
IGD=0.03641223997358863
HV=0.6602011494252872
EP=0.06060606060606066
SPREAD=0.7514679260619878
GSPREAD=0.40716548640725153
IGD+=0.04147493728817597
GD=0.04003257067453812
TIME=73.52495574951172
