#saving the metrics
#Sun Dec 30 05:36:35 CST 2018
ER=0.9711538461538461
IGD=0.033592610045461824
HV=0.6733281086729362
EP=0.045454545454545414
SPREAD=0.7021798036036841
GSPREAD=0.44141841176067353
IGD+=0.03223044516075744
GD=0.04052318290771666
TIME=78.11375665664673
