#saving the metrics
#Sun Dec 30 05:35:16 CST 2018
ER=0.9807692307692307
IGD=0.05564372339247418
HV=0.6594174503657262
EP=0.06896551724137931
SPREAD=0.7308785995195467
GSPREAD=0.4104178077310909
IGD+=0.03599465767140971
GD=0.043294906244346905
TIME=79.42922496795654
