#saving the metrics
#Sun Dec 30 05:44:19 CST 2018
ER=0.9807692307692307
IGD=0.027485515026492154
HV=0.6449843260188087
EP=0.06896551724137931
SPREAD=0.7256848784188721
GSPREAD=0.38422684555081316
IGD+=0.056983358683091206
GD=0.038454596889105616
TIME=74.064288854599
