#saving the metrics
#Sun Dec 30 05:32:38 CST 2018
ER=0.9807692307692307
IGD=0.026956107682154142
HV=0.6689524555903866
EP=0.06060606060606055
SPREAD=0.8012237191257386
GSPREAD=0.42471543859019273
IGD+=0.03641541098282144
GD=0.03858117131391052
TIME=77.36275839805603
