#saving the metrics
#Tue Jan 01 06:51:10 CST 2019
ER=0.8173076923076923
IGD=0.16090877034243303
HV=0.537037037037037
EP=0.2222222222222222
SPREAD=1.650485436893202
GSPREAD=0.05052300306207831
IGD+=0.08611632481246083
GD=0.034828895967314186
TIME=89.35765552520752
