#saving the metrics
#Tue Jan 01 06:49:40 CST 2019
ER=0.875
IGD=0.04721314364437763
HV=0.6111111111111112
EP=0.1111111111111111
SPREAD=1.3980582524271825
GSPREAD=0.07920953086260338
IGD+=0.03703703703703703
GD=0.03847266576929667
TIME=88.84025239944458
