#saving the metrics
#Tue Jan 01 07:20:57 CST 2019
ER=0.8173076923076923
IGD=0.04721314364437764
HV=0.6131687242798354
EP=0.1111111111111111
SPREAD=1.3980582524271827
GSPREAD=0.01210883729789571
IGD+=0.037037037037037035
GD=0.039709973376166254
TIME=88.75200963020325
