#saving the metrics
#Tue Jan 01 06:48:11 CST 2019
ER=0.8076923076923077
IGD=0.08929306260178664
HV=0.6337448559670781
EP=0.1111111111111111
SPREAD=1.398058252427185
GSPREAD=0.030389831456155553
IGD+=0.037037037037037035
GD=0.036758192454783706
TIME=88.30183553695679
