#saving the metrics
#Tue Jan 01 07:13:31 CST 2019
ER=0.8173076923076923
IGD=0.08929306260178664
HV=0.6296296296296297
EP=0.11111111111111105
SPREAD=1.4368932038834972
GSPREAD=0.054081503616076915
IGD+=0.037037037037037014
GD=0.037217229590492215
TIME=89.70555210113525
