#saving the metrics
#Tue Jan 01 06:45:13 CST 2019
ER=0.8269230769230769
IGD=0.04721314364437765
HV=0.6008230452674896
EP=0.1111111111111111
SPREAD=1.4174757281553396
GSPREAD=0.012108837297895744
IGD+=0.04470765856246472
GD=0.03564679619808307
TIME=88.4371817111969
