#saving the metrics
#Tue Jan 01 07:00:04 CST 2019
ER=0.8557692307692307
IGD=0.16302608205239824
HV=0.5267489711934156
EP=0.2222222222222222
SPREAD=1.6699029126213567
GSPREAD=0.06912480539546523
IGD+=0.09696422180555164
GD=0.0375530768607306
TIME=90.21189904212952
