#saving the metrics
#Tue Jan 01 07:22:26 CST 2019
ER=0.8557692307692307
IGD=0.04721314364437763
HV=0.5864197530864197
EP=0.1111111111111111
SPREAD=1.4757281553398023
GSPREAD=0.02223156862421854
IGD+=0.03703703703703703
GD=0.03528068317512473
TIME=88.7790904045105
