#saving the metrics
#Sat Dec 29 12:09:46 CST 2018
ER=0.6826923076923077
IGD=0.07120003121097943
HV=0.7048611111111112
EP=0.125
SPREAD=1.5922330097087387
GSPREAD=0.3112466281737149
IGD+=0.025
GD=0.03993770124440123
TIME=141.5751829147339
