#saving the metrics
#Sat Dec 29 11:10:50 CST 2018
ER=0.75
IGD=0.008333333333333326
HV=0.6875000000000001
EP=0.04166666666666663
SPREAD=1.5145631067961165
GSPREAD=0.28669918128037425
IGD+=0.008333333333333326
GD=0.040646804192641654
TIME=142.00413584709167
