#saving the metrics
#Sat Dec 29 11:41:35 CST 2018
ER=0.9038461538461539
IGD=0.07406828681096325
HV=0.6857638888888888
EP=0.125
SPREAD=1.5922330097087396
GSPREAD=0.3294386393759338
IGD+=0.049999999999999975
GD=0.04414875048304687
TIME=144.22800016403198
