#saving the metrics
#Sat Dec 29 11:25:01 CST 2018
ER=0.6634615384615384
IGD=0.07120003121097943
HV=0.703125
EP=0.125
SPREAD=1.5728155339805845
GSPREAD=0.322945667679892
IGD+=0.025
GD=0.040281860141910514
TIME=140.4893717765808
