#saving the metrics
#Sat Dec 29 11:34:29 CST 2018
ER=0.6442307692307693
IGD=0.07120003121097943
HV=0.7048611111111112
EP=0.125
SPREAD=1.592233009708739
GSPREAD=0.322018110808498
IGD+=0.025
GD=0.04022004905912239
TIME=141.68637108802795
