#saving the metrics
#Sat Dec 29 12:05:05 CST 2018
ER=0.7596153846153846
IGD=0.0
HV=0.7083333333333334
EP=0.0
SPREAD=1.5145631067961152
GSPREAD=0.29325810143925357
IGD+=0.0
GD=0.0416358367204057
TIME=139.97086334228516
