#saving the metrics
#Sat Dec 29 11:50:58 CST 2018
ER=0.6923076923076923
IGD=0.07120003121097943
HV=0.7048611111111112
EP=0.125
SPREAD=1.592233009708739
GSPREAD=0.30174039363147076
IGD+=0.025
GD=0.04079462199153158
TIME=141.53440761566162
