#saving the metrics
#Sat Dec 29 11:58:01 CST 2018
ER=0.6346153846153846
IGD=0.07120003121097943
HV=0.703125
EP=0.125
SPREAD=1.6116504854368905
GSPREAD=0.30128305049157367
IGD+=0.025
GD=0.0399135794174104
TIME=140.2525622844696
