#saving the metrics
#Sat Dec 29 11:36:49 CST 2018
ER=0.75
IGD=0.0
HV=0.7048611111111112
EP=0.0
SPREAD=1.5533980582524254
GSPREAD=0.2975358345405928
IGD+=0.0
GD=0.039780647916238934
TIME=140.14029240608215
