#saving the metrics
#Sat Dec 29 12:19:11 CST 2018
ER=0.8846153846153846
IGD=0.07406828681096325
HV=0.6944444444444444
EP=0.125
SPREAD=1.5728155339805796
GSPREAD=0.33639482342380894
IGD+=0.049999999999999975
GD=0.040772975582930644
TIME=143.0466103553772
