meanHV: 	1.0	0.5652997291779069
meanET: 	577.0137832959493	1295.2891919056574
p__Val: 	6.058901985029879e-13	1.5099296795810785e-11
