#saving the metrics
#Sun Dec 30 03:53:20 CST 2018
ER=1.0
IGD=26.570660511172846
HV=0.0
EP=22.0
SPREAD=1.2265395515423292
GSPREAD=0.8302303605692315
IGD+=26.570660511172846
GD=3.203895021791069
TIME=153.78699254989624
