#saving the metrics
#Wed Jan 09 16:38:52 CST 2019
ER=1.0
IGD=13.490737563232042
HV=0.0
EP=12.0
SPREAD=1.2031162776495603
GSPREAD=0.5628436378760859
IGD+=13.490737563232042
GD=1.8785578489460297
TIME=122.77498745918274
