#saving the metrics
#Sun Dec 30 04:05:10 CST 2018
ER=1.0
IGD=7.280109889280518
HV=0.0
EP=5.0
SPREAD=1.2754531017977417
GSPREAD=0.8572312264197932
IGD+=7.280109889280518
GD=1.7503352448567546
TIME=115.23813819885254
