#saving the metrics
#Wed Jan 09 15:51:48 CST 2019
ER=1.0
IGD=4.69041575982343
HV=0.0
EP=3.0
SPREAD=1.328210298610698
GSPREAD=0.8220026044706631
IGD+=4.69041575982343
GD=1.192721691767868
TIME=120.30771851539612
