#saving the metrics
#Sun Dec 30 03:24:04 CST 2018
ER=1.0
IGD=25.079872407968907
HV=0.0
EP=23.0
SPREAD=1.2087806258975868
GSPREAD=0.5148298613662787
IGD+=25.079872407968907
GD=3.1930195974437527
TIME=147.00169610977173
