#saving the metrics
#Sun Dec 30 03:48:36 CST 2018
ER=1.0
IGD=20.322401432901575
HV=0.0
EP=20.0
SPREAD=1.2208263525954062
GSPREAD=0.9756832461452127
IGD+=20.322401432901575
GD=2.597504471306652
TIME=146.97387433052063
