#saving the metrics
#Wed Jan 09 15:56:36 CST 2019
ER=1.0
IGD=12.409673645990857
HV=0.0
EP=11.0
SPREAD=1.3023520397308632
GSPREAD=0.34346778318797716
IGD+=12.409673645990857
GD=1.9758863793566128
TIME=129.52748584747314
