#saving the metrics
#Sun Dec 30 04:15:23 CST 2018
ER=1.0
IGD=13.038404810405298
HV=0.0
EP=11.0
SPREAD=1.2630881870514443
GSPREAD=0.68213544339779
IGD+=13.038404810405298
GD=2.342586124471605
TIME=124.98409581184387
