#saving the metrics
#Sun Dec 30 03:19:38 CST 2018
ER=1.0
IGD=5.744562646538029
HV=0.0
EP=4.0
SPREAD=1.2195108482555361
GSPREAD=0.9047414673152726
IGD+=5.744562646538029
GD=1.7065167876365182
TIME=113.65919232368469
