#saving the metrics
#Wed Jan 09 16:41:02 CST 2019
ER=1.0
IGD=14.45683229480096
HV=0.0
EP=14.0
SPREAD=1.249974510459787
GSPREAD=0.660354860522508
IGD+=14.45683229480096
GD=2.1645672717480746
TIME=129.80737805366516
