#saving the metrics
#Wed Jan 09 16:07:19 CST 2019
ER=1.0
IGD=21.0
HV=0.0
EP=20.0
SPREAD=1.1701017069885935
GSPREAD=0.6333850549946137
IGD+=21.0
GD=2.937304053386509
TIME=136.6658637523651
