#saving the metrics
#Sun Dec 30 04:13:18 CST 2018
ER=1.0
IGD=10.295630140987
HV=0.0
EP=9.0
SPREAD=1.2763430418766668
GSPREAD=0.634643218468188
IGD+=10.295630140987
GD=1.9809065928774168
TIME=116.34303021430969
