#saving the metrics
#Sun Dec 30 03:17:43 CST 2018
ER=1.0
IGD=4.69041575982343
HV=0.0
EP=3.0
SPREAD=1.2912763785301682
GSPREAD=0.44527180059702004
IGD+=4.69041575982343
GD=1.4685207822778195
TIME=114.14053440093994
