#saving the metrics
#Sun Dec 30 03:15:48 CST 2018
ER=1.0
IGD=8.06225774829855
HV=0.0
EP=7.0
SPREAD=1.3795724451703484
GSPREAD=0.5718190070492685
IGD+=8.06225774829855
GD=1.3459606150717274
TIME=120.37413716316223
