#saving the metrics
#Sun Dec 30 03:59:27 CST 2018
ER=1.0
IGD=10.04987562112089
HV=0.0
EP=9.0
SPREAD=1.311752042774562
GSPREAD=0.5410451219977251
IGD+=10.04987562112089
GD=1.3191421661146947
TIME=118.4257390499115
