#saving the metrics
#Sun Dec 30 03:46:08 CST 2018
ER=1.0
IGD=25.514701644346147
HV=0.0
EP=25.0
SPREAD=1.200623283248878
GSPREAD=0.4778744805431942
IGD+=25.514701644346147
GD=3.064447585172175
TIME=141.41105461120605
