#saving the metrics
#Sun Dec 30 03:57:28 CST 2018
ER=1.0
IGD=5.916079783099616
HV=0.0
EP=5.0
SPREAD=1.3634143508372851
GSPREAD=0.7180879215647827
IGD+=5.916079783099616
GD=1.1393995315590606
TIME=119.49758720397949
