#saving the metrics
#Wed Jan 09 16:28:27 CST 2019
ER=1.0
IGD=7.810249675906654
HV=0.0
EP=6.0
SPREAD=1.252763861233906
GSPREAD=0.7408438682848694
IGD+=7.810249675906654
GD=1.5818127320496496
TIME=127.95247864723206
