#saving the metrics
#Sun Dec 30 03:21:37 CST 2018
ER=1.0
IGD=9.486832980505138
HV=0.0
EP=7.0
SPREAD=1.2725405650073465
GSPREAD=0.7507731725794824
IGD+=9.486832980505138
GD=1.8328818244264753
TIME=118.26351881027222
