#saving the metrics
#Sun Dec 30 04:11:21 CST 2018
ER=1.0
IGD=3.7416573867739413
HV=0.0
EP=3.0
SPREAD=1.3162044802310109
GSPREAD=0.813040574827069
IGD+=3.7416573867739413
GD=1.0894255699965731
TIME=115.39934945106506
