#saving the metrics
#Sun Dec 30 04:03:14 CST 2018
ER=1.0
IGD=13.638181696985855
HV=0.0
EP=11.0
SPREAD=1.2871799295588409
GSPREAD=0.875311997557318
IGD+=13.638181696985855
GD=2.221376256210399
TIME=119.98410034179688
