#saving the metrics
#Wed Jan 09 16:11:48 CST 2019
ER=1.0
IGD=12.083045973594572
HV=0.0
EP=9.0
SPREAD=1.2770669068254015
GSPREAD=0.8834509701395165
IGD+=12.083045973594572
GD=2.3290534119934576
TIME=118.8530216217041
