#saving the metrics
#Sun Dec 30 03:41:38 CST 2018
ER=1.0
IGD=1.4142135623730951
HV=0.0
EP=1.0
SPREAD=1.334891241254533
GSPREAD=0.5209310258415273
IGD+=1.4142135623730951
GD=0.7820549707816343
TIME=118.80990529060364
