#saving the metrics
#Sun Dec 30 03:28:42 CST 2018
ER=1.0
IGD=18.384776310850235
HV=0.0
EP=16.0
SPREAD=1.2729061034855897
GSPREAD=0.8930844665176049
IGD+=18.384776310850235
GD=2.4062465949559204
TIME=123.13572311401367
