#saving the metrics
#Sun Dec 30 03:55:27 CST 2018
ER=1.0
IGD=8.602325267042627
HV=0.0
EP=7.0
SPREAD=1.1709600777072622
GSPREAD=0.6527332586242823
IGD+=8.602325267042627
GD=1.9827830369025683
TIME=126.44798254966736
