#saving the metrics
#Sun Dec 30 03:35:10 CST 2018
ER=1.0
IGD=7.874007874011811
HV=0.0
EP=6.0
SPREAD=1.2716829525279794
GSPREAD=0.7312533790571726
IGD+=7.874007874011811
GD=1.4248841302297175
TIME=122.42152523994446
