#saving the metrics
#Sun Dec 30 03:33:07 CST 2018
ER=1.0
IGD=34.539832078341085
HV=0.0
EP=32.0
SPREAD=1.1754244369380065
GSPREAD=0.6312214831046875
IGD+=34.539832078341085
GD=3.977909522894607
TIME=156.76487064361572
