#saving the metrics
#Wed Jan 09 16:09:48 CST 2019
ER=1.0
IGD=22.045407685048602
HV=0.0
EP=19.0
SPREAD=1.251099869113083
GSPREAD=0.5170524318478334
IGD+=22.045407685048602
GD=2.9137254363387344
TIME=148.75357747077942
