#saving the metrics
#Wed Jan 09 16:24:11 CST 2019
ER=1.0
IGD=6.782329983125268
HV=0.0
EP=6.0
SPREAD=1.3141193587421511
GSPREAD=0.8784208587173671
IGD+=6.782329983125268
GD=1.683183464736901
TIME=130.13636898994446
