#saving the metrics
#Sun Dec 30 03:43:46 CST 2018
ER=1.0
IGD=11.180339887498949
HV=0.0
EP=9.0
SPREAD=1.215288923385893
GSPREAD=0.7939763768589491
IGD+=11.180339887498949
GD=1.7453793875112673
TIME=127.28852653503418
