#saving the metrics
#Sun Dec 30 03:37:23 CST 2018
ER=1.0
IGD=14.628738838327793
HV=0.0
EP=13.0
SPREAD=1.1782719863740212
GSPREAD=0.6566671501193123
IGD+=14.628738838327793
GD=2.4932562103827687
TIME=132.07322239875793
