#saving the metrics
#Wed Jan 09 16:43:07 CST 2019
ER=1.0
IGD=5.916079783099616
HV=0.0
EP=5.0
SPREAD=1.4051078609124255
GSPREAD=0.3491247444671422
IGD+=5.916079783099616
GD=0.9339162416861915
TIME=123.67502737045288
