#saving the metrics
#Sun Dec 30 03:39:38 CST 2018
ER=1.0
IGD=16.401219466856727
HV=0.0
EP=16.0
SPREAD=1.1592958077810676
GSPREAD=0.5860309111456503
IGD+=16.401219466856727
GD=2.4750913311443012
TIME=134.4405472278595
