#saving the metrics
#Sun Dec 30 04:17:19 CST 2018
ER=1.0
IGD=9.433981132056603
HV=0.0
EP=7.0
SPREAD=1.2544581503016332
GSPREAD=1.0017921605150464
IGD+=9.433981132056603
GD=1.7776899071254502
TIME=114.49799108505249
