#saving the metrics
#Wed Jan 09 16:17:50 CST 2019
ER=1.0
IGD=6.164414002968976
HV=0.0
EP=4.0
SPREAD=1.3097922698786162
GSPREAD=0.6217064470058931
IGD+=6.164414002968976
GD=1.4180565410947112
TIME=127.33656406402588
