#saving the metrics
#Sun Dec 30 03:26:38 CST 2018
ER=1.0
IGD=27.622454633866266
HV=0.0
EP=26.0
SPREAD=1.1790384630179647
GSPREAD=0.5791656857527003
IGD+=27.622454633866266
GD=3.532973926015413
TIME=153.0019862651825
