#saving the metrics
#Sun Dec 30 04:09:25 CST 2018
ER=1.0
IGD=20.71231517720798
HV=0.0
EP=19.0
SPREAD=1.2300222728726562
GSPREAD=0.5712775792011322
IGD+=20.71231517720798
GD=2.791239940987386
TIME=134.6775414943695
