#saving the metrics
#Wed Jan 09 16:53:49 CST 2019
ER=1.0
IGD=7.810249675906654
HV=0.0
EP=6.0
SPREAD=1.3420738049649505
GSPREAD=0.5670517103657426
IGD+=7.810249675906654
GD=2.552931710300986
TIME=121.74632906913757
