#saving the metrics
#Wed Jan 09 16:05:02 CST 2019
ER=1.0
IGD=14.45683229480096
HV=0.0
EP=13.0
SPREAD=1.2246898449644128
GSPREAD=0.6673242988890618
IGD+=14.45683229480096
GD=2.0350221602586456
TIME=126.13195610046387
