#saving the metrics
#Wed Jan 09 16:22:00 CST 2019
ER=1.0
IGD=15.0996688705415
HV=0.0
EP=14.0
SPREAD=1.259614061757554
GSPREAD=0.8159342941571588
IGD+=15.0996688705415
GD=2.30816356604532
TIME=128.79936814308167
