#saving the metrics
#Sun Dec 30 04:07:09 CST 2018
ER=1.0
IGD=7.280109889280518
HV=0.0
EP=6.0
SPREAD=1.2849951798135015
GSPREAD=0.9747451610484206
IGD+=7.280109889280518
GD=2.0452477964180367
TIME=118.54040169715881
