#saving the metrics
#Sun Dec 30 03:50:46 CST 2018
ER=1.0
IGD=9.486832980505138
HV=0.0
EP=8.0
SPREAD=1.2732556404404782
GSPREAD=0.7372488851557548
IGD+=9.486832980505138
GD=1.7329408242137865
TIME=129.26678466796875
