#saving the metrics
#Wed Jan 09 16:32:42 CST 2019
ER=1.0
IGD=12.12435565298214
HV=0.0
EP=10.0
SPREAD=1.2498460489722323
GSPREAD=0.9435997665031818
IGD+=12.12435565298214
GD=2.210406227735069
TIME=128.0712571144104
