#saving the metrics
#Wed Jan 09 15:54:26 CST 2019
ER=1.0
IGD=29.68164415931166
HV=0.0
EP=28.0
SPREAD=1.2235895610576106
GSPREAD=0.843125929775508
IGD+=29.68164415931166
GD=3.6314449314631543
TIME=157.47014689445496
