#saving the metrics
#Wed Jan 09 16:45:17 CST 2019
ER=1.0
IGD=8.18535277187245
HV=0.0
EP=7.0
SPREAD=1.2730921266886295
GSPREAD=0.8243205429249407
IGD+=8.18535277187245
GD=1.512037864407291
TIME=129.61038327217102
