#saving the metrics
#Fri Jan 11 07:51:26 CST 2019
ER=1.0
IGD=2.8284271247461903
HV=0.0
EP=2.0
SPREAD=1.169475830488895
GSPREAD=0.2689746145354868
IGD+=2.8284271247461903
GD=0.9189859342733654
TIME=140.4144322872162
