#saving the metrics
#Fri Jan 11 08:44:19 CST 2019
ER=1.0
IGD=4.69041575982343
HV=0.0
EP=3.0
SPREAD=1.3338318439136667
GSPREAD=0.4392621176810846
IGD+=4.69041575982343
GD=1.2431399058017667
TIME=143.90771985054016
