#saving the metrics
#Fri Jan 11 07:46:54 CST 2019
ER=1.0
IGD=6.48074069840786
HV=0.0
EP=5.0
SPREAD=1.3324243778789062
GSPREAD=0.2902273451207502
IGD+=6.48074069840786
GD=1.2726674898348507
TIME=155.01726365089417
