#saving the metrics
#Fri Jan 11 08:46:42 CST 2019
ER=1.0
IGD=2.8284271247461903
HV=0.0
EP=2.0
SPREAD=1.3972491742323125
GSPREAD=0.25701266065831124
IGD+=2.8284271247461903
GD=0.5910135803466744
TIME=142.10191917419434
