#saving the metrics
#Fri Jan 11 07:58:34 CST 2019
ER=1.0
IGD=2.8284271247461903
HV=0.0
EP=2.0
SPREAD=1.3189831131267562
GSPREAD=0.3918453545774996
IGD+=2.8284271247461903
GD=0.9494239809966936
TIME=145.12492871284485
