#saving the metrics
#Fri Jan 11 08:49:00 CST 2019
ER=1.0
IGD=2.449489742783178
HV=0.0
EP=2.0
SPREAD=1.412566264282056
GSPREAD=0.42148786296145385
IGD+=2.449489742783178
GD=0.7130147422569445
TIME=138.0842297077179
