#saving the metrics
#Fri Jan 11 08:41:54 CST 2019
ER=1.0
IGD=2.23606797749979
HV=0.0
EP=2.0
SPREAD=1.4398004790969934
GSPREAD=0.33672380023340676
IGD+=2.23606797749979
GD=0.6739062693460757
TIME=139.92008757591248
