#saving the metrics
#Fri Jan 11 07:44:18 CST 2019
ER=1.0
IGD=3.605551275463989
HV=0.0
EP=3.0
SPREAD=1.3427915445204182
GSPREAD=0.8527349482476315
IGD+=3.605551275463989
GD=1.0418455628694439
TIME=137.77839398384094
