#saving the metrics
#Fri Jan 11 08:32:31 CST 2019
ER=1.0
IGD=3.4641016151377544
HV=0.0
EP=2.0
SPREAD=1.2990544979987468
GSPREAD=0.5948716688502372
IGD+=3.4641016151377544
GD=1.1706540219049637
TIME=152.12557291984558
