#saving the metrics
#Fri Jan 11 08:05:25 CST 2019
ER=1.0
IGD=1.0
HV=0.0
EP=1.0
SPREAD=1.4520845707333256
GSPREAD=1.211368464482494
IGD+=1.0
GD=0.8426284327845587
TIME=126.3820915222168
