#saving the metrics
#Fri Jan 11 08:16:18 CST 2019
ER=1.0
IGD=2.0
HV=0.0
EP=2.0
SPREAD=1.39545973873742
GSPREAD=0.39631848203053144
IGD+=2.0
GD=1.0562845078156013
TIME=129.8312873840332
