#saving the metrics
#Fri Jan 11 08:12:04 CST 2019
ER=1.0
IGD=3.1622776601683795
HV=0.0
EP=3.0
SPREAD=1.2298182919349983
GSPREAD=0.45263466400049274
IGD+=3.1622776601683795
GD=0.960300406512618
TIME=133.78881096839905
