#saving the metrics
#Fri Jan 11 07:49:05 CST 2019
ER=1.0
IGD=3.605551275463989
HV=0.0
EP=3.0
SPREAD=1.1842780626725786
GSPREAD=0.26650584803659016
IGD+=3.605551275463989
GD=1.1580733080630399
TIME=129.74302554130554
