#saving the metrics
#Thu Jan 17 01:31:04 CST 2019
ER=1.0
IGD=113.95613191048562
HV=0.0
EP=110.0
SPREAD=1.1160899177696217
GSPREAD=0.8601508920642243
IGD+=113.95613191048562
GD=13.420260852924738
TIME=854.1835517883301
