#saving the metrics
#Thu Jan 17 04:25:01 CST 2019
ER=1.0
IGD=86.53900854527974
HV=0.0
EP=80.0
SPREAD=1.1477764163886957
GSPREAD=0.9463689193579495
IGD+=86.53900854527974
GD=12.832897775098283
TIME=817.8910112380981
