#saving the metrics
#Thu Jan 17 03:42:17 CST 2019
ER=1.0
IGD=124.45481107614924
HV=0.0
EP=120.0
SPREAD=1.129433028805695
GSPREAD=0.8853846209599802
IGD+=124.45481107614924
GD=15.870533456678338
TIME=960.2174980640411
