#saving the metrics
#Thu Jan 17 01:58:37 CST 2019
ER=1.0
IGD=93.30058949438637
HV=0.0
EP=86.0
SPREAD=1.099245793741586
GSPREAD=0.8436617923488198
IGD+=93.30058949438637
GD=12.327981924142955
TIME=823.4888954162598
