#saving the metrics
#Thu Jan 17 05:22:11 CST 2019
ER=1.0
IGD=88.73556220591607
HV=0.0
EP=85.0
SPREAD=1.1283118463629063
GSPREAD=0.8813676938022919
IGD+=88.73556220591607
GD=10.976606747606931
TIME=779.4046628475189
