#saving the metrics
#Thu Jan 17 00:48:45 CST 2019
ER=1.0
IGD=74.00675644831355
HV=0.0
EP=71.0
SPREAD=1.1899521880075423
GSPREAD=1.2310474903500286
IGD+=74.00675644831355
GD=11.798647064912073
TIME=785.2441906929016
