#saving the metrics
#Thu Jan 17 03:56:39 CST 2019
ER=1.0
IGD=99.93497886125758
HV=0.0
EP=94.0
SPREAD=1.1353603474178906
GSPREAD=0.92817781214053
IGD+=99.93497886125758
GD=13.428581560279866
TIME=861.062844991684
