#saving the metrics
#Thu Jan 17 00:35:39 CST 2019
ER=1.0
IGD=86.09297300012354
HV=0.0
EP=83.0
SPREAD=1.1265827354757316
GSPREAD=1.2718251772188582
IGD+=86.09297300012354
GD=11.96280327229029
TIME=798.9275529384613
