#saving the metrics
#Thu Jan 17 07:00:12 CST 2019
ER=1.0
IGD=100.42410069301094
HV=0.0
EP=87.0
SPREAD=1.0826399854440705
GSPREAD=0.9074184867394608
IGD+=100.42410069301094
GD=14.556166922127975
TIME=868.4755580425262
