#saving the metrics
#Thu Jan 17 06:32:01 CST 2019
ER=1.0
IGD=129.42179105544784
HV=0.0
EP=122.0
SPREAD=1.135854904874674
GSPREAD=1.2634804837393607
IGD+=129.42179105544784
GD=15.87678748841783
TIME=907.4622333049774
