#saving the metrics
#Thu Jan 17 01:02:55 CST 2019
ER=1.0
IGD=100.98019607824101
HV=0.0
EP=94.0
SPREAD=1.142443092250085
GSPREAD=0.9352090147500244
IGD+=100.98019607824101
GD=14.131969514482991
TIME=848.9114799499512
