#saving the metrics
#Thu Jan 17 01:44:52 CST 2019
ER=1.0
IGD=105.0380883299006
HV=0.0
EP=99.0
SPREAD=1.065564936779054
GSPREAD=0.8317508031580676
IGD+=105.0380883299006
GD=12.978981788028221
TIME=827.4303781986237
