#saving the metrics
#Thu Jan 17 02:13:48 CST 2019
ER=1.0
IGD=110.20889256316842
HV=0.0
EP=105.0
SPREAD=1.1550751817675793
GSPREAD=1.2934786901357493
IGD+=110.20889256316842
GD=14.397747997249091
TIME=910.8802955150604
