#saving the metrics
#Thu Jan 17 06:16:52 CST 2019
ER=1.0
IGD=89.64373932405988
HV=0.0
EP=84.0
SPREAD=1.1666788530900212
GSPREAD=0.8575052482242074
IGD+=89.64373932405988
GD=11.666822156398242
TIME=786.8233919143677
