#saving the metrics
#Thu Jan 17 04:40:02 CST 2019
ER=1.0
IGD=121.40428328522844
HV=0.0
EP=117.0
SPREAD=1.1554957114810154
GSPREAD=0.9099924407921676
IGD+=121.40428328522844
GD=15.31466476669012
TIME=899.8189074993134
