#saving the metrics
#Thu Jan 17 03:11:27 CST 2019
ER=1.0
IGD=127.67536959022284
HV=0.0
EP=123.0
SPREAD=1.1146517890453795
GSPREAD=0.9452235618973731
IGD+=127.67536959022284
GD=15.817502289704505
TIME=904.5043706893921
