#saving the metrics
#Sun Dec 30 06:06:44 CST 2018
ER=0.9807692307692307
IGD=0.05305659377992701
HV=0.6765935214211076
EP=0.034482758620689655
SPREAD=0.7009918418347055
GSPREAD=0.4011058583860602
IGD+=0.027574596540113787
GD=0.048026214144906106
TIME=75.7324001789093
