#saving the metrics
#Sun Dec 30 05:37:54 CST 2018
ER=0.9807692307692307
IGD=0.03456712795770042
HV=0.6587643678160918
EP=0.06896551724137931
SPREAD=0.7723159936783067
GSPREAD=0.3698651432470172
IGD+=0.0454583292049903
GD=0.03950469744515756
TIME=79.30188822746277
