#saving the metrics
#Sun Dec 30 06:03:00 CST 2018
ER=0.9807692307692307
IGD=0.024811084843964337
HV=0.6628134796238244
EP=0.045454545454545525
SPREAD=0.801492277902996
GSPREAD=0.5194256610874881
IGD+=0.03478203878648771
GD=0.038218234523987045
TIME=73.90159249305725
