#saving the metrics
#Sun Dec 30 05:59:16 CST 2018
ER=0.9807692307692307
IGD=0.024706890672834908
HV=0.6522335423197492
EP=0.06060606060606055
SPREAD=0.8031741567240291
GSPREAD=0.45382630343722735
IGD+=0.03869830518412052
GD=0.040117400487938694
TIME=74.61116886138916
