#saving the metrics
#Sun Dec 30 05:56:46 CST 2018
ER=0.9807692307692307
IGD=0.03956245460277876
HV=0.6725444096133754
EP=0.045454545454545525
SPREAD=0.8146921658536812
GSPREAD=0.36701747722009614
IGD+=0.03478203878648772
GD=0.041519568908263436
TIME=74.54663324356079
