#saving the metrics
#Sun Dec 30 06:04:15 CST 2018
ER=0.9711538461538461
IGD=0.02592904556657574
HV=0.6554989550679206
EP=0.06896551724137931
SPREAD=0.7722924586211882
GSPREAD=0.4904602316405939
IGD+=0.04969989305528423
GD=0.04180330938504281
TIME=74.52485394477844
