#saving the metrics
#Sun Dec 30 05:58:01 CST 2018
ER=0.9807692307692307
IGD=0.028384097445293997
HV=0.6587643678160919
EP=0.06060606060606066
SPREAD=0.6567747789633391
GSPREAD=0.3654446116806559
IGD+=0.038038176093516285
GD=0.04090342598894449
TIME=75.32868504524231
