#saving the metrics
#Sun Dec 30 05:40:32 CST 2018
ER=0.9807692307692307
IGD=0.054130923136702466
HV=0.6531478578892372
EP=0.045454545454545525
SPREAD=0.7687776325926899
GSPREAD=0.43613094417409065
IGD+=0.03764351966365492
GD=0.044782231869231574
TIME=78.08866095542908
