#saving the metrics
#Sun Dec 30 05:50:31 CST 2018
ER=0.9807692307692307
IGD=0.024733338035384397
HV=0.6737852664576803
EP=0.045454545454545525
SPREAD=0.7416721432582737
GSPREAD=0.3923395692522381
IGD+=0.03269485941827518
GD=0.03926821536565211
TIME=73.54340648651123
