#saving the metrics
#Sun Dec 30 05:39:14 CST 2018
ER=0.9807692307692307
IGD=0.02643011402344804
HV=0.640739289446186
EP=0.06060606060606066
SPREAD=0.7147567469389972
GSPREAD=0.35815300735365085
IGD+=0.044067639146224705
GD=0.03924640583264224
TIME=79.15045523643494
