#saving the metrics
#Sun Dec 30 05:43:05 CST 2018
ER=0.9807692307692307
IGD=0.027723521136994035
HV=0.6752873563218392
EP=0.034482758620689655
SPREAD=0.7539472025261863
GSPREAD=0.4420606914941205
IGD+=0.03100488919371151
GD=0.04065020147111186
TIME=74.6935305595398
