#saving the metrics
#Sun Dec 30 05:31:20 CST 2018
ER=1.0
IGD=0.023361361818588895
HV=0.6500130616509925
EP=0.06060606060606055
SPREAD=0.7990400415741951
GSPREAD=0.40590086149588267
IGD+=0.041180140982194455
GD=0.03807624962888462
TIME=78.4345817565918
