#saving the metrics
#Sun Dec 30 06:01:45 CST 2018
ER=0.9807692307692307
IGD=0.0322007334553657
HV=0.6734587251828631
EP=0.045454545454545525
SPREAD=0.7443066999286589
GSPREAD=0.3680405899759178
IGD+=0.02281435040055731
GD=0.0416263443453411
TIME=74.52474665641785
