#saving the metrics
#Sun Dec 30 05:48:03 CST 2018
ER=1.0
IGD=0.024462373709523404
HV=0.672544409613375
EP=0.045454545454545414
SPREAD=0.7483294897397726
GSPREAD=0.3777922215323082
IGD+=0.03519632355683746
GD=0.04062866311226975
TIME=74.00481176376343
