#saving the metrics
#Sun Dec 30 05:41:50 CST 2018
ER=0.9807692307692307
IGD=0.04389595308397805
HV=0.6628134796238244
EP=0.06060606060606066
SPREAD=0.6023109858672889
GSPREAD=0.3926778785818216
IGD+=0.03861345641100879
GD=0.04171217900430878
TIME=76.97035670280457
