#saving the metrics
#Sun Dec 30 05:54:16 CST 2018
ER=0.9807692307692307
IGD=0.039133721039945585
HV=0.6713688610240337
EP=0.045454545454545525
SPREAD=0.7141882428293381
GSPREAD=0.5372280137089847
IGD+=0.0338532102714523
GD=0.039059590446295284
TIME=74.33855652809143
