#saving the metrics
#Sun Dec 30 05:33:56 CST 2018
ER=0.9807692307692307
IGD=0.025539324735652055
HV=0.6698014629049112
EP=0.034482758620689655
SPREAD=0.7844335524618758
GSPREAD=0.4061947647902631
IGD+=0.03018692673865088
GD=0.03880134474255797
TIME=78.3142602443695
