#saving the metrics
#Sun Dec 30 05:46:49 CST 2018
ER=0.9807692307692307
IGD=0.025258137969207
HV=0.6558254963427378
EP=0.06896551724137931
SPREAD=0.8340214105342898
GSPREAD=0.38885736795930465
IGD+=0.03681262012647034
GD=0.041678356937881696
TIME=73.91401791572571
