#saving the metrics
#Sun Dec 30 05:51:46 CST 2018
ER=0.9711538461538461
IGD=0.02584263777403931
HV=0.6551724137931033
EP=0.06896551724137931
SPREAD=0.7349814853408194
GSPREAD=0.3654439133294418
IGD+=0.038667724442753654
GD=0.03843345647232995
TIME=74.23024892807007
