#saving the metrics
#Sun Dec 30 05:45:35 CST 2018
ER=0.9807692307692307
IGD=0.03554763743651937
HV=0.6549764890282131
EP=0.045454545454545525
SPREAD=0.694449259979677
GSPREAD=0.4081267045962202
IGD+=0.03478203878648771
GD=0.03815775045359408
TIME=75.21366214752197
