#saving the metrics
#Sun Dec 30 05:53:01 CST 2018
ER=0.9615384615384616
IGD=0.033569879883629104
HV=0.6788140020898643
EP=0.034482758620689655
SPREAD=0.7909533383082977
GSPREAD=0.405770085538656
IGD+=0.024561141370653326
GD=0.042293263345383206
TIME=74.51329636573792
