#saving the metrics
#Sun Dec 30 05:55:31 CST 2018
ER=0.9807692307692307
IGD=0.038627185405942566
HV=0.6710423197492161
EP=0.034482758620689655
SPREAD=0.8528858687497651
GSPREAD=0.41877093969510437
IGD+=0.030076060678676082
GD=0.03638988215376407
TIME=74.77454209327698
