meanHV: 	1.0	0.5821318505454306
meanET: 	424.4396613915761	1243.5075249910356
p__Val: 	6.058901985029879e-13	1.5099296795810785e-11
