meanHV: 	0.9999968361539022	0.5311390083240791
meanET: 	297.5975608030955	841.7408568779628
p__Val: 	1.1080766483937279e-11	1.5099296795810785e-11
