#saving the metrics
#Sat Jan 04 13:04:12 CST 2020
ER=1.0
IGD=62.321745803531535
HV=0.0
EP=62.0
SPREAD=1.448744707855668
GSPREAD=0.9922361834086787
IGD+=62.321745803531535
GD=8.509170723082116
TIME=932.401350736618
