#saving the metrics
#Sat Jan 04 20:55:40 CST 2020
ER=1.0
IGD=27.964262908219126
HV=0.0
EP=27.0
SPREAD=1.3606852158172769
GSPREAD=0.8639214914641947
IGD+=27.964262908219126
GD=9.005400244302898
TIME=931.6018588542938
