#saving the metrics
#Sat Jan 04 19:25:03 CST 2020
ER=1.0
IGD=62.67375846396959
HV=0.0
EP=60.0
SPREAD=1.2684446930467506
GSPREAD=0.6579542303005148
IGD+=62.67375846396959
GD=10.76029486483671
TIME=877.1163444519043
