#saving the metrics
#Sat Jan 04 16:34:45 CST 2020
ER=1.0
IGD=5.830951894845301
HV=0.0
EP=4.0
SPREAD=1.3273369043981085
GSPREAD=1.3170255007375558
IGD+=5.830951894845301
GD=7.9605660756568035
TIME=821.3190870285034
