#saving the metrics
#Sat Jan 04 14:35:30 CST 2020
ER=1.0
IGD=9.433981132056603
HV=0.0
EP=7.0
SPREAD=1.6086543376802285
GSPREAD=0.9296534858244923
IGD+=9.433981132056603
GD=6.671596816477496
TIME=984.4980792999268
