#saving the metrics
#Sat Jan 04 16:48:50 CST 2020
ER=1.0
IGD=83.68392916205596
HV=0.0
EP=81.0
SPREAD=1.220100073141538
GSPREAD=0.8693490921812321
IGD+=83.68392916205596
GD=11.988123374440903
TIME=843.5378587245941
