#saving the metrics
#Sat Jan 04 15:35:16 CST 2020
ER=1.0
IGD=74.41102068914255
HV=0.0
EP=74.0
SPREAD=1.1781733232097555
GSPREAD=0.7660550717329613
IGD+=74.41102068914255
GD=11.24990904473184
TIME=865.5576171875
