#saving the metrics
#Sat Jan 04 15:04:49 CST 2020
ER=1.0
IGD=50.299105359837164
HV=0.0
EP=48.0
SPREAD=1.3776933214896703
GSPREAD=0.6825690633585383
IGD+=50.299105359837164
GD=9.434548370104729
TIME=873.4540474414825
