#saving the metrics
#Sat Jan 04 12:19:30 CST 2020
ER=1.0
IGD=38.28837943815329
HV=0.0
EP=28.0
SPREAD=1.466278854894242
GSPREAD=0.7874600876152931
IGD+=38.28837943815329
GD=9.578121327445446
TIME=2334.455471277237
