#saving the metrics
#Sat Jan 04 19:40:00 CST 2020
ER=1.0
IGD=65.40642170307133
HV=0.0
EP=65.0
SPREAD=1.4883552273713327
GSPREAD=0.9441416487501618
IGD+=65.40642170307133
GD=8.289200142490683
TIME=895.4570050239563
