#saving the metrics
#Sat Jan 04 11:26:52 CST 2020
ER=1.0
IGD=71.19691004531025
HV=0.0
EP=70.0
SPREAD=1.4229659838862079
GSPREAD=0.8799089110661591
IGD+=71.19691004531025
GD=10.396502115414956
TIME=863.2891345024109
