#saving the metrics
#Sat Jan 04 14:04:29 CST 2020
ER=1.0
IGD=82.87943049997388
HV=0.0
EP=82.0
SPREAD=1.2857828336416748
GSPREAD=0.8200963897899705
IGD+=82.87943049997388
GD=11.71103323023754
TIME=875.792581319809
