#saving the metrics
#Sat Jan 04 14:50:15 CST 2020
ER=1.0
IGD=69.88562083862459
HV=0.0
EP=68.0
SPREAD=1.491314513171839
GSPREAD=0.8440666189167818
IGD+=69.88562083862459
GD=9.095711780235543
TIME=883.6190979480743
