#saving the metrics
#Sat Jan 04 11:40:35 CST 2020
ER=1.0
IGD=55.86591089385369
HV=0.0
EP=53.0
SPREAD=1.264346978586626
GSPREAD=1.0184235133551598
IGD+=55.86591089385369
GD=9.293369250069674
TIME=822.3492383956909
