#saving the metrics
#Sat Jan 04 19:55:30 CST 2020
ER=1.0
IGD=73.70888684548153
HV=0.0
EP=73.0
SPREAD=1.4105544682238575
GSPREAD=0.7503430388154777
IGD+=73.70888684548153
GD=9.65788012589083
TIME=929.2011613845825
