#saving the metrics
#Sat Jan 04 14:19:05 CST 2020
ER=1.0
IGD=57.5065213693195
HV=0.0
EP=57.0
SPREAD=1.4354856964810716
GSPREAD=0.8749927476999476
IGD+=57.5065213693195
GD=9.62803917326864
TIME=875.5419473648071
