#saving the metrics
#Sat Jan 04 20:25:57 CST 2020
ER=1.0
IGD=76.18398781896364
HV=0.0
EP=74.0
SPREAD=1.1709630859663052
GSPREAD=0.7102742686751342
IGD+=76.18398781896364
GD=9.064355447716054
TIME=933.7102236747742
