#saving the metrics
#Sat Jan 04 13:49:52 CST 2020
ER=1.0
IGD=76.22335600063802
HV=0.0
EP=72.0
SPREAD=1.351156009936652
GSPREAD=0.8605891615841823
IGD+=76.22335600063802
GD=11.402068476065201
TIME=871.2860026359558
