#saving the metrics
#Sat Jan 04 12:48:39 CST 2020
ER=1.0
IGD=81.04936767180853
HV=0.0
EP=76.0
SPREAD=1.5648286182618332
GSPREAD=1.0061079792478058
IGD+=81.04936767180853
GD=10.457797706965772
TIME=888.2786428928375
