#saving the metrics
#Sat Jan 04 16:05:18 CST 2020
ER=1.0
IGD=72.05553413860729
HV=0.0
EP=70.0
SPREAD=1.447377718636992
GSPREAD=0.9984409250610778
IGD+=72.05553413860729
GD=11.031836016533767
TIME=855.5635817050934
