#saving the metrics
#Sat Jan 04 16:21:03 CST 2020
ER=1.0
IGD=70.09279563550022
HV=0.0
EP=70.0
SPREAD=1.6733914381219597
GSPREAD=0.9450656688640026
IGD+=70.09279563550022
GD=9.267332232741962
TIME=944.4720280170441
