#saving the metrics
#Sat Jan 04 15:51:01 CST 2020
ER=1.0
IGD=67.05967491719595
HV=0.0
EP=66.0
SPREAD=1.6596272300945498
GSPREAD=0.8719835829811742
IGD+=67.05967491719595
GD=9.127482112018376
TIME=944.0223667621613
