#saving the metrics
#Sat Jan 04 13:35:20 CST 2020
ER=1.0
IGD=66.40030120413611
HV=0.0
EP=66.0
SPREAD=1.3240191897414266
GSPREAD=0.9228065277747652
IGD+=66.40030120413611
GD=10.05620937226227
TIME=897.9530203342438
