#saving the metrics
#Sat Jan 04 15:20:50 CST 2020
ER=1.0
IGD=5.477225575051661
HV=0.0
EP=5.0
SPREAD=1.3916286829756994
GSPREAD=0.20815153987736
IGD+=5.477225575051661
GD=0.982107502971182
TIME=959.84064412117
