#saving the metrics
#Sat Jan 04 19:10:25 CST 2020
ER=1.0
IGD=69.87846592477543
HV=0.0
EP=69.0
SPREAD=1.4471787605620199
GSPREAD=0.8742893453233425
IGD+=69.87846592477543
GD=11.221953702362132
TIME=817.7608823776245
