#saving the metrics
#Sat Jan 04 20:40:07 CST 2020
ER=1.0
IGD=74.91995728776145
HV=0.0
EP=74.0
SPREAD=1.2989672659672171
GSPREAD=1.2335005340113494
IGD+=74.91995728776145
GD=11.06188733778838
TIME=849.5029184818268
