#saving the metrics
#Sat Jan 04 20:10:22 CST 2020
ER=1.0
IGD=77.51773990513398
HV=0.0
EP=74.0
SPREAD=1.3915322305674334
GSPREAD=0.9585931526581987
IGD+=77.51773990513398
GD=10.984813264183401
TIME=891.0978083610535
