#saving the metrics
#Sat Jan 04 12:33:50 CST 2020
ER=1.0
IGD=65.55913361233506
HV=0.0
EP=61.0
SPREAD=1.4992906775333448
GSPREAD=0.8162872485264342
IGD+=65.55913361233506
GD=9.386843690353013
TIME=858.7747247219086
