#saving the metrics
#Sat Jan 04 13:20:21 CST 2020
ER=1.0
IGD=43.30127018922193
HV=0.0
EP=43.0
SPREAD=1.3602855049218958
GSPREAD=0.7978956256958564
IGD+=43.30127018922193
GD=6.659690227247998
TIME=967.631053686142
