#saving the metrics
#Sat Jan 04 18:56:47 CST 2020
ER=1.0
IGD=47.138094997570704
HV=0.0
EP=47.0
SPREAD=1.5590660895139037
GSPREAD=0.7319833985418503
IGD+=47.138094997570704
GD=6.191699512827061
TIME=7675.194437980652
