#saving the metrics
#Sat Jan 04 23:40:03 CST 2020
ER=1.0
IGD=43.41658669218482
HV=0.0
EP=34.0
SPREAD=1.2365408808029883
GSPREAD=0.8603263311015693
IGD+=43.41658669218482
GD=5.618119374499126
TIME=243.65590476989746
