#saving the metrics
#Sat Jan 04 23:17:18 CST 2020
ER=1.0
IGD=40.85339643163099
HV=0.0
EP=39.0
SPREAD=1.2274241788785671
GSPREAD=0.6549620215832679
IGD+=40.85339643163099
GD=5.167717689894542
TIME=285.131632566452
