#saving the metrics
#Sat Jan 04 22:06:06 CST 2020
ER=1.0
IGD=20.273134932713294
HV=0.0
EP=17.0
SPREAD=1.317967543265642
GSPREAD=1.3597984921418635
IGD+=20.273134932713294
GD=4.427004331027786
TIME=271.7676610946655
