#saving the metrics
#Sat Jan 04 23:12:31 CST 2020
ER=1.0
IGD=46.151923036857305
HV=0.0
EP=40.0
SPREAD=1.2664684752166235
GSPREAD=1.2074954714313646
IGD+=46.151923036857305
GD=6.534173207157412
TIME=298.5136225223541
