#saving the metrics
#Sat Jan 04 23:35:58 CST 2020
ER=1.0
IGD=41.86884283091664
HV=0.0
EP=37.0
SPREAD=1.2556799022477982
GSPREAD=0.9371602738057057
IGD+=41.86884283091664
GD=6.390866498619308
TIME=277.9186146259308
