#saving the metrics
#Sun Jan 05 00:06:34 CST 2020
ER=1.0
IGD=28.160255680657446
HV=0.0
EP=25.0
SPREAD=1.2885493953867149
GSPREAD=0.5914836540540196
IGD+=28.160255680657446
GD=2.995219168688783
TIME=251.06703281402588
