#saving the metrics
#Sat Jan 04 23:07:32 CST 2020
ER=1.0
IGD=25.079872407968907
HV=0.0
EP=24.0
SPREAD=1.262596485810618
GSPREAD=1.4239189276945845
IGD+=25.079872407968907
GD=4.6358261781198715
TIME=282.38188767433167
