#saving the metrics
#Sun Jan 05 00:02:22 CST 2020
ER=1.0
IGD=30.14962686336267
HV=0.0
EP=29.0
SPREAD=1.2900301966953835
GSPREAD=0.7232968863845163
IGD+=30.14962686336267
GD=4.375379478197439
TIME=284.48497438430786
