#saving the metrics
#Sat Jan 04 23:49:13 CST 2020
ER=1.0
IGD=22.293496809607955
HV=0.0
EP=17.0
SPREAD=1.3190485415375286
GSPREAD=0.5242734871012591
IGD+=22.293496809607955
GD=3.0229657615435954
TIME=280.0594038963318
