#saving the metrics
#Sat Jan 04 22:15:47 CST 2020
ER=1.0
IGD=48.342527861087284
HV=0.0
EP=44.0
SPREAD=1.2749139205428706
GSPREAD=1.1170275517604946
IGD+=48.342527861087284
GD=6.547298693461747
TIME=290.0498094558716
