#saving the metrics
#Sat Jan 04 22:33:38 CST 2020
ER=1.0
IGD=18.384776310850235
HV=0.0
EP=15.0
SPREAD=1.3935121590300874
GSPREAD=1.273155223701467
IGD+=18.384776310850235
GD=3.8554023115787777
TIME=311.21870374679565
