#saving the metrics
#Sat Jan 04 23:22:15 CST 2020
ER=1.0
IGD=39.06404996924922
HV=0.0
EP=38.0
SPREAD=1.2330079160923517
GSPREAD=0.6046996003318326
IGD+=39.06404996924922
GD=4.943049817329241
TIME=296.2871935367584
