#saving the metrics
#Sat Jan 04 23:27:15 CST 2020
ER=1.0
IGD=25.96150997149434
HV=0.0
EP=25.0
SPREAD=1.291322648681302
GSPREAD=1.107190387682089
IGD+=25.96150997149434
GD=3.9892599578540717
TIME=298.8784999847412
