#saving the metrics
#Sat Jan 04 22:28:26 CST 2020
ER=1.0
IGD=36.235341863986875
HV=0.0
EP=31.0
SPREAD=1.248688924832709
GSPREAD=0.8758438871633256
IGD+=36.235341863986875
GD=5.150417722970482
TIME=263.2318775653839
