#saving the metrics
#Sat Jan 04 22:24:01 CST 2020
ER=1.0
IGD=2.449489742783178
HV=0.0
EP=2.0
SPREAD=1.4513562768628883
GSPREAD=0.29107432802943534
IGD+=2.449489742783178
GD=0.49008306020070885
TIME=229.40860319137573
