#saving the metrics
#Sat Jan 04 23:44:32 CST 2020
ER=1.0
IGD=34.92849839314596
HV=0.0
EP=32.0
SPREAD=1.5561319731702807
GSPREAD=0.6594598247118217
IGD+=34.92849839314596
GD=6.007259402829199
TIME=268.4343559741974
