#saving the metrics
#Sat Jan 04 23:53:19 CST 2020
ER=1.0
IGD=36.41428291206625
HV=0.0
EP=34.0
SPREAD=1.3636117087037736
GSPREAD=0.8601980542210047
IGD+=36.41428291206625
GD=5.709013440789939
TIME=245.05858516693115
