#saving the metrics
#Sat Jan 04 22:57:49 CST 2020
ER=1.0
IGD=36.68787265568828
HV=0.0
EP=35.0
SPREAD=1.2240729602351967
GSPREAD=0.6863672943057985
IGD+=36.68787265568828
GD=4.91157178660416
TIME=306.643976688385
