#saving the metrics
#Sun Jan 05 00:14:55 CST 2020
ER=1.0
IGD=48.093658625644196
HV=0.0
EP=47.0
SPREAD=1.2555281821043898
GSPREAD=1.0387940628755452
IGD+=48.093658625644196
GD=6.470011057478977
TIME=243.00171613693237
