#saving the metrics
#Sat Jan 04 23:02:48 CST 2020
ER=1.0
IGD=44.30575583375144
HV=0.0
EP=39.0
SPREAD=1.496348359862935
GSPREAD=0.7208615992683202
IGD+=44.30575583375144
GD=5.377040297252443
TIME=297.71633410453796
