#saving the metrics
#Sat Jan 04 23:31:19 CST 2020
ER=1.0
IGD=20.904544960366874
HV=0.0
EP=20.0
SPREAD=1.3288498157543487
GSPREAD=0.5010449201211284
IGD+=20.904544960366874
GD=4.742417267802372
TIME=243.19041681289673
