#saving the metrics
#Sat Jan 04 22:38:32 CST 2020
ER=1.0
IGD=51.633322573702344
HV=0.0
EP=48.0
SPREAD=1.2533821229625701
GSPREAD=1.1407577756289002
IGD+=51.633322573702344
GD=7.119154323137264
TIME=292.59887886047363
