#saving the metrics
#Sat Jan 04 22:43:28 CST 2020
ER=1.0
IGD=28.178005607210743
HV=0.0
EP=27.0
SPREAD=1.327009664242419
GSPREAD=1.4535486400182474
IGD+=28.178005607210743
GD=4.615177563818995
TIME=294.4501781463623
