#saving the metrics
#Sat Jan 04 22:48:03 CST 2020
ER=1.0
IGD=51.92301994298868
HV=0.0
EP=49.0
SPREAD=1.3283974524687723
GSPREAD=0.9922819950994038
IGD+=51.92301994298868
GD=6.241162459312962
TIME=274.07223415374756
