#saving the metrics
#Sun Jan 05 00:10:51 CST 2020
ER=1.0
IGD=29.478805945967352
HV=0.0
EP=28.0
SPREAD=1.4136729459591995
GSPREAD=1.4166848455749048
IGD+=29.478805945967352
GD=5.179823056188699
TIME=256.22292160987854
