#saving the metrics
#Sat Jan 04 23:57:37 CST 2020
ER=1.0
IGD=31.240998703626616
HV=0.0
EP=24.0
SPREAD=1.2905193819948793
GSPREAD=1.2485535624657178
IGD+=31.240998703626616
GD=5.15026802904228
TIME=256.12581419944763
