#saving the metrics
#Sat Jan 04 22:20:11 CST 2020
ER=1.0
IGD=27.313000567495326
HV=0.0
EP=24.0
SPREAD=1.2534921074048635
GSPREAD=0.4685133580567949
IGD+=27.313000567495326
GD=4.258293229040222
TIME=262.8598964214325
