#saving the metrics
#Sun Jan 05 00:19:17 CST 2020
ER=1.0
IGD=37.3496987939662
HV=0.0
EP=32.0
SPREAD=1.282019965249371
GSPREAD=1.115903441163595
IGD+=37.3496987939662
GD=5.778017612325586
TIME=260.8024413585663
