#saving the metrics
#Sat Jan 04 22:10:56 CST 2020
ER=1.0
IGD=12.529964086141668
HV=0.0
EP=11.0
SPREAD=1.3741359961786237
GSPREAD=1.4407175788565423
IGD+=12.529964086141668
GD=3.742675386353864
TIME=288.236825466156
