#saving the metrics
#Sat Jan 04 22:52:42 CST 2020
ER=1.0
IGD=22.494443758403985
HV=0.0
EP=21.0
SPREAD=1.3142237463019166
GSPREAD=0.6796412721194178
IGD+=22.494443758403985
GD=2.8977589276406497
TIME=277.7669723033905
