meanHV: 	0.999756851008822	0.5180743305067191
meanET: 	302.65949505964915	1211.246663594246
p__Val: 	1.5089833992452233e-11	1.5099296795810785e-11
