meanHV: 	0.9999947916666667	0.9696302083333334
meanET: 	184.36075394153596	275.8981710910797
p__Val: 	7.89082754676021e-08	1.5099296795810785e-11
