#saving the metrics
#Thu Jan 17 16:00:20 CST 2019
ER=1.0
IGD=1.0
HV=0.0
EP=1.0
SPREAD=1.6346878176248973
GSPREAD=0.027777777777777776
IGD+=1.0
GD=0.13669238185149832
TIME=340.603764295578
