meanHV: 	1.0	0.6648393359573485
meanET: 	511.2030798037847	860.087793747584
p__Val: 	6.058901985029879e-13	1.5099296795810785e-11
