meanHV: 	1.0	0.9647350699982279
meanET: 	259.24985822836555	314.0277594010035
p__Val: 	1.4671435144054184e-05	4.496703013507434e-11
