#saving the metrics
#Wed Jan 01 20:12:13 CST 2020
ER=1.0
IGD=1.4142135623730951
HV=0.0
EP=1.0
SPREAD=1.514170487416527
GSPREAD=1.1181323164980375
IGD+=1.4142135623730951
GD=0.9634123028621352
TIME=456.3025076389313
