#saving the metrics
#Wed Jan 01 21:28:25 CST 2020
ER=1.0
IGD=11.704699910719626
HV=0.0
EP=10.0
SPREAD=1.3921079088585882
GSPREAD=1.2501704700096508
IGD+=11.704699910719626
GD=2.5762212831535343
TIME=627.9431354999542
