#saving the metrics
#Wed Jan 01 20:40:21 CST 2020
ER=1.0
IGD=3.1622776601683795
HV=0.0
EP=3.0
SPREAD=1.4369311538458438
GSPREAD=0.5306336226673611
IGD+=3.1622776601683795
GD=0.46656947481584343
TIME=497.5816786289215
