#saving the metrics
#Wed Jan 01 20:04:36 CST 2020
ER=1.0
IGD=11.40175425099138
HV=0.0
EP=10.0
SPREAD=1.366128571354236
GSPREAD=0.7059719833932535
IGD+=11.40175425099138
GD=1.50488245448409
TIME=650.1118903160095
