#saving the metrics
#Wed Jan 01 21:01:09 CST 2020
ER=1.0
IGD=10.246950765959598
HV=0.0
EP=10.0
SPREAD=1.3964008077628653
GSPREAD=0.9044902505760305
IGD+=10.246950765959598
GD=1.3375104636461026
TIME=610.9026257991791
