#saving the metrics
#Wed Jan 01 22:37:12 CST 2020
ER=1.0
IGD=1.0
HV=0.0
EP=1.0
SPREAD=1.3940626364681434
GSPREAD=1.1110721576448839
IGD+=1.0
GD=0.8948834150494758
TIME=545.9539456367493
