#saving the metrics
#Wed Jan 01 20:50:56 CST 2020
ER=1.0
IGD=10.04987562112089
HV=0.0
EP=9.0
SPREAD=1.409601138602575
GSPREAD=0.9059984741418691
IGD+=10.04987562112089
GD=1.3774339414427643
TIME=634.3219108581543
