#saving the metrics
#Wed Jan 01 19:30:31 CST 2020
ER=1.0
IGD=11.224972160321824
HV=0.0
EP=9.0
SPREAD=1.3183552918456338
GSPREAD=0.5061912130604534
IGD+=11.224972160321824
GD=1.9541455440310058
TIME=442.6525752544403
