#saving the metrics
#Wed Jan 01 19:53:44 CST 2020
ER=1.0
IGD=1.7320508075688772
HV=0.0
EP=1.0
SPREAD=1.513255635285622
GSPREAD=0.6614967161795166
IGD+=1.7320508075688772
GD=0.34232763344021766
TIME=459.4822771549225
