#saving the metrics
#Wed Jan 01 21:56:40 CST 2020
ER=1.0
IGD=16.0312195418814
HV=0.0
EP=16.0
SPREAD=1.3902854053532592
GSPREAD=0.9099206255362392
IGD+=16.0312195418814
GD=2.2351348201840295
TIME=567.4840598106384
