#saving the metrics
#Wed Jan 01 19:08:27 CST 2020
ER=1.0
IGD=1.0
HV=0.0
EP=1.0
SPREAD=1.3714625789521442
GSPREAD=0.15853858784893252
IGD+=1.0
GD=1.5938088835772042
TIME=606.1212170124054
