#saving the metrics
#Wed Jan 01 20:32:01 CST 2020
ER=1.0
IGD=5.0990195135927845
HV=0.0
EP=4.0
SPREAD=1.3948071632184995
GSPREAD=0.9501387283345453
IGD+=5.0990195135927845
GD=0.7964775057925743
TIME=604.4121286869049
