#saving the metrics
#Wed Jan 01 18:58:19 CST 2020
ER=1.0
IGD=1.4142135623730951
HV=0.0
EP=1.0
SPREAD=1.5643410719278887
GSPREAD=0.2147834617790858
IGD+=1.4142135623730951
GD=0.3827339294744785
TIME=434.7852945327759
