#saving the metrics
#Wed Jan 01 20:21:56 CST 2020
ER=1.0
IGD=3.1622776601683795
HV=0.0
EP=3.0
SPREAD=1.4819588146896256
GSPREAD=0.1899934918873623
IGD+=3.1622776601683795
GD=0.6524330879411029
TIME=580.9956016540527
