#saving the metrics
#Wed Jan 01 21:35:21 CST 2020
ER=1.0
IGD=1.0
HV=0.0
EP=1.0
SPREAD=1.6868067079458482
GSPREAD=0.027777777777777776
IGD+=1.0
GD=0.10690449676496976
TIME=414.8768310546875
