#saving the metrics
#Thu Jan 02 00:45:25 CST 2020
ER=1.0
IGD=1.0
HV=0.0
EP=1.0
SPREAD=1.4807692307692302
GSPREAD=0.027777777777777776
IGD+=1.0
GD=0.10079052613579394
TIME=7690.659249544144
