#saving the metrics
#Wed Jan 01 22:08:03 CST 2020
ER=1.0
IGD=10.0
HV=0.0
EP=10.0
SPREAD=1.0
GSPREAD=1.0
IGD+=10.0
GD=0.9759000729485332
TIME=681.4853851795197
