#saving the metrics
#Wed Jan 01 22:28:04 CST 2020
ER=1.0
IGD=5.0
HV=0.0
EP=4.0
SPREAD=1.4110755616431578
GSPREAD=0.9457153665514276
IGD+=5.0
GD=1.0937463961715814
TIME=759.9166991710663
