#saving the metrics
#Wed Jan 01 21:47:11 CST 2020
ER=1.0
IGD=3.0
HV=0.0
EP=3.0
SPREAD=1.4597507517549744
GSPREAD=0.2725662271035237
IGD+=3.0
GD=0.9285592184789413
TIME=408.52621817588806
