#saving the metrics
#Wed Jan 01 21:17:56 CST 2020
ER=1.0
IGD=11.313708498984761
HV=0.0
EP=8.0
SPREAD=1.3687654920931915
GSPREAD=0.4116112472381126
IGD+=11.313708498984761
GD=1.6340204024849143
TIME=609.2508707046509
