#saving the metrics
#Wed Jan 01 21:07:45 CST 2020
ER=1.0
IGD=1.7320508075688772
HV=0.0
EP=1.0
SPREAD=1.567683566913306
GSPREAD=0.12659815094931406
IGD+=1.7320508075688772
GD=0.24651769724847208
TIME=395.1005027294159
