#saving the metrics
#Thu Jan 02 09:31:50 CST 2020
ER=1.0
IGD=2.0
HV=0.0
EP=2.0
SPREAD=1.4378986264188303
GSPREAD=1.2294878732735353
IGD+=2.0
GD=1.191047481970551
TIME=31584.507979393005
