#saving the metrics
#Sat Jan 11 07:51:31 CST 2020
ER=1.0
IGD=64.16385275215322
HV=0.0
EP=63.0
SPREAD=1.3252911199667634
GSPREAD=0.8786299648204204
IGD+=64.16385275215322
GD=9.3868485217387
TIME=3742.9149730205536
