#saving the metrics
#Sat Jan 11 18:30:24 CST 2020
ER=1.0
IGD=46.66904755831214
HV=0.0
EP=45.0
SPREAD=1.299704397541312
GSPREAD=0.8558906876554477
IGD+=46.66904755831214
GD=7.552044669148035
TIME=3366.3526515960693
