#saving the metrics
#Sat Jan 11 16:43:46 CST 2020
ER=1.0
IGD=30.331501776206203
HV=0.0
EP=30.0
SPREAD=1.2997267707509623
GSPREAD=0.749088897823511
IGD+=30.331501776206203
GD=5.402157963036288
TIME=3208.89603805542
