#saving the metrics
#Sat Jan 11 14:47:39 CST 2020
ER=1.0
IGD=85.17041739947034
HV=0.0
EP=81.0
SPREAD=1.456991229222845
GSPREAD=0.9723097337853525
IGD+=85.17041739947034
GD=11.373936869408809
TIME=3890.7643144130707
