#saving the metrics
#Sat Jan 11 12:22:49 CST 2020
ER=1.0
IGD=73.41661937191061
HV=0.0
EP=65.0
SPREAD=1.376527795827944
GSPREAD=1.1482812441455246
IGD+=73.41661937191061
GD=10.333776597909896
TIME=4149.356716156006
