#saving the metrics
#Sat Jan 11 05:56:14 CST 2020
ER=1.0
IGD=45.232731511594565
HV=0.0
EP=36.0
SPREAD=1.179140110669965
GSPREAD=0.7989611375427476
IGD+=45.232731511594565
GD=5.616964908612168
TIME=3262.276301383972
