#saving the metrics
#Fri Jan 10 16:11:08 CST 2020
ER=1.0
IGD=55.44366510251645
HV=0.0
EP=52.0
SPREAD=1.2389049845432722
GSPREAD=1.3823361140305648
IGD+=55.44366510251645
GD=7.350480879575004
TIME=3483.605569601059
