#saving the metrics
#Fri Jan 10 20:47:05 CST 2020
ER=1.0
IGD=55.154328932550705
HV=0.0
EP=55.0
SPREAD=1.370940505606161
GSPREAD=1.0938336895042888
IGD+=55.154328932550705
GD=8.42082506554913
TIME=8605.30369091034
