#saving the metrics
#Sat Jan 11 19:29:14 CST 2020
ER=1.0
IGD=61.38403701289123
HV=0.0
EP=58.0
SPREAD=1.2460019223239498
GSPREAD=1.346193652881859
IGD+=61.38403701289123
GD=8.68497803897137
TIME=3529.536917448044
