#saving the metrics
#Sat Jan 11 13:42:48 CST 2020
ER=1.0
IGD=67.6904720030818
HV=0.0
EP=66.0
SPREAD=1.3113260130583224
GSPREAD=0.779971533324935
IGD+=67.6904720030818
GD=8.038794823990859
TIME=4795.837197542191
