#saving the metrics
#Fri Jan 10 22:47:08 CST 2020
ER=1.0
IGD=4.123105625617661
HV=0.0
EP=3.0
SPREAD=1.2513102016709463
GSPREAD=0.29464176554648513
IGD+=4.123105625617661
GD=1.6223775280548653
TIME=2338.0197415351868
