#saving the metrics
#Fri Jan 10 15:13:03 CST 2020
ER=1.0
IGD=28.035691537752374
HV=0.0
EP=28.0
SPREAD=1.277725630174907
GSPREAD=0.46815374302525653
IGD+=28.035691537752374
GD=3.6019269219433654
TIME=12152.56112241745
