#saving the metrics
#Sat Jan 11 11:13:39 CST 2020
ER=1.0
IGD=58.88972745734183
HV=0.0
EP=53.0
SPREAD=1.4583927261124385
GSPREAD=1.0231142135175264
IGD+=58.88972745734183
GD=8.805033604708465
TIME=3801.2968685626984
