#saving the metrics
#Sat Jan 11 10:10:16 CST 2020
ER=1.0
IGD=38.379682124790975
HV=0.0
EP=38.0
SPREAD=1.5895069734626899
GSPREAD=0.8803243922999409
IGD+=38.379682124790975
GD=7.146856023483904
TIME=4494.382234811783
