#saving the metrics
#Sat Jan 11 08:55:21 CST 2020
ER=1.0
IGD=47.18050444834179
HV=0.0
EP=41.0
SPREAD=1.254419472847575
GSPREAD=0.8547496560970625
IGD+=47.18050444834179
GD=7.8495721101806035
TIME=3829.0270607471466
