#saving the metrics
#Fri Jan 10 18:23:38 CST 2020
ER=1.0
IGD=47.095647357266465
HV=0.0
EP=47.0
SPREAD=1.3179449447518197
GSPREAD=0.573668018626056
IGD+=47.095647357266465
GD=7.486453374394589
TIME=4183.64461183548
