#saving the metrics
#Sat Jan 11 15:50:16 CST 2020
ER=1.0
IGD=70.8660708661063
HV=0.0
EP=68.0
SPREAD=1.2732523768101789
GSPREAD=1.0471144416548939
IGD+=70.8660708661063
GD=8.985839199676843
TIME=3755.2628638744354
