#saving the metrics
#Sat Jan 11 01:55:54 CST 2020
ER=1.0
IGD=52.99056519796708
HV=0.0
EP=42.0
SPREAD=1.3270699673885489
GSPREAD=1.0038249340875993
IGD+=52.99056519796708
GD=7.1693730058528935
TIME=3988.6997578144073
