#saving the metrics
#Sat Jan 11 02:54:45 CST 2020
ER=1.0
IGD=2.0
HV=0.0
EP=2.0
SPREAD=1.367323979732138
GSPREAD=0.1204140786749482
IGD+=2.0
GD=3.1925224425969603
TIME=3529.8283019065857
