#saving the metrics
#Sat Jan 11 20:33:52 CST 2020
ER=1.0
IGD=74.45804187594514
HV=0.0
EP=70.0
SPREAD=1.3648929119686848
GSPREAD=1.3202480134721415
IGD+=74.45804187594514
GD=11.493028548447077
TIME=3875.673462152481
