#saving the metrics
#Fri Jan 10 11:50:30 CST 2020
ER=1.0
IGD=50.16971197844373
HV=0.0
EP=50.0
SPREAD=1.4216932925294345
GSPREAD=0.7519053249021795
IGD+=50.16971197844373
GD=6.8583662929750835
TIME=28893.06548500061
