#saving the metrics
#Sat Jan 11 03:57:17 CST 2020
ER=1.0
IGD=50.299105359837164
HV=0.0
EP=48.0
SPREAD=1.3136586489024704
GSPREAD=0.8022129073070248
IGD+=50.299105359837164
GD=8.371634430536773
TIME=3750.8919730186462
