#saving the metrics
#Fri Jan 10 17:13:53 CST 2020
ER=1.0
IGD=58.974570791146924
HV=0.0
EP=57.0
SPREAD=1.193317971955743
GSPREAD=0.717071017352026
IGD+=58.974570791146924
GD=7.484890297555463
TIME=3763.911848783493
