#saving the metrics
#Sat Jan 11 00:49:24 CST 2020
ER=1.0
IGD=73.41661937191061
HV=0.0
EP=66.0
SPREAD=1.2390199081512514
GSPREAD=1.3902357048405805
IGD+=73.41661937191061
GD=8.959338734911936
TIME=3864.2190885543823
