#saving the metrics
#Fri Jan 10 22:08:09 CST 2020
ER=1.0
IGD=23.874672772626646
HV=0.0
EP=20.0
SPREAD=1.2819715797958027
GSPREAD=0.6611797466173001
IGD+=23.874672772626646
GD=6.217078372681455
TIME=4863.037543773651
