#saving the metrics
#Sat Jan 11 06:49:07 CST 2020
ER=1.0
IGD=24.228082879171435
HV=0.0
EP=22.0
SPREAD=1.321379719714511
GSPREAD=1.0131041074138696
IGD+=24.228082879171435
GD=7.330611739870393
TIME=3170.881635904312
