#saving the metrics
#Sat Jan 11 05:01:50 CST 2020
ER=1.0
IGD=77.88452991448301
HV=0.0
EP=76.0
SPREAD=1.280608727905581
GSPREAD=0.7697265774723946
IGD+=77.88452991448301
GD=8.440486600839842
TIME=3870.4607145786285
