#saving the metrics
#Fri Jan 10 23:44:58 CST 2020
ER=1.0
IGD=29.79932885150268
HV=0.0
EP=28.0
SPREAD=1.3543135505943544
GSPREAD=1.4282505992516972
IGD+=29.79932885150268
GD=7.128328080587326
TIME=3468.6563799381256
