#saving the metrics
#Sat Jan 11 17:34:16 CST 2020
ER=1.0
IGD=37.749172176353746
HV=0.0
EP=35.0
SPREAD=1.2465284063887452
GSPREAD=0.7016470891649589
IGD+=37.749172176353746
GD=6.818296047967735
TIME=3029.5728619098663
