#saving the metrics
#Sat Jan 12 08:14:31 CST 2019
ER=1.0
IGD=110.93241185514718
HV=0.0
EP=104.0
SPREAD=1.2432239794309559
GSPREAD=0.9263584764123854
IGD+=110.93241185514718
GD=16.319624956786193
TIME=1264.5377717018127
