#saving the metrics
#Sat Jan 12 10:21:40 CST 2019
ER=1.0
IGD=108.36050941187015
HV=0.0
EP=103.0
SPREAD=1.2216091081571874
GSPREAD=1.1871679861528746
IGD+=108.36050941187015
GD=13.04290495305829
TIME=1198.8320724964142
