#saving the metrics
#Sat Jan 12 07:32:41 CST 2019
ER=1.0
IGD=93.72833082905083
HV=0.0
EP=90.0
SPREAD=1.2198155645186728
GSPREAD=1.0372924319495256
IGD+=93.72833082905083
GD=12.76310584255648
TIME=1140.6031959056854
