#saving the metrics
#Sat Jan 12 05:06:16 CST 2019
ER=1.0
IGD=111.79892664958818
HV=0.0
EP=109.0
SPREAD=1.2020607928372316
GSPREAD=1.1139379962649585
IGD+=111.79892664958818
GD=13.232259762138076
TIME=1264.448537349701
