#saving the metrics
#Sat Jan 12 11:44:30 CST 2019
ER=1.0
IGD=119.13857477744142
HV=0.0
EP=110.0
SPREAD=1.1310462278284281
GSPREAD=1.0729006785220652
IGD+=119.13857477744142
GD=13.725719440148115
TIME=1301.8189144134521
