#saving the metrics
#Sat Jan 12 07:13:40 CST 2019
ER=1.0
IGD=122.0409767250328
HV=0.0
EP=117.0
SPREAD=1.1859535945784618
GSPREAD=0.99687858923648
IGD+=122.0409767250328
GD=14.856578133345495
TIME=1346.549894809723
