#saving the metrics
#Sat Jan 12 02:46:28 CST 2019
ER=1.0
IGD=72.03471385380801
HV=0.0
EP=70.0
SPREAD=1.2718096546653512
GSPREAD=1.0325974872343329
IGD+=72.03471385380801
GD=10.146259210355254
TIME=1128.014707326889
