#saving the metrics
#Sat Jan 12 02:06:54 CST 2019
ER=1.0
IGD=124.81586437628832
HV=0.0
EP=122.0
SPREAD=1.205539946747176
GSPREAD=0.8642297660428659
IGD+=124.81586437628832
GD=15.869350370419651
TIME=1298.4670026302338
