#saving the metrics
#Sat Jan 12 05:48:49 CST 2019
ER=1.0
IGD=115.35597080342222
HV=0.0
EP=111.0
SPREAD=1.2628905156531618
GSPREAD=0.9121061391533837
IGD+=115.35597080342222
GD=15.079983278890266
TIME=1233.8652172088623
