#saving the metrics
#Sat Jan 12 10:01:40 CST 2019
ER=1.0
IGD=102.112682855755
HV=0.0
EP=99.0
SPREAD=1.2352400308736402
GSPREAD=0.9661894215535741
IGD+=102.112682855755
GD=11.859858170638653
TIME=1174.1714923381805
