#saving the metrics
#Sat Jan 12 08:35:55 CST 2019
ER=1.0
IGD=114.03069762129844
HV=0.0
EP=113.0
SPREAD=1.176110085435321
GSPREAD=1.1389766926852365
IGD+=114.03069762129844
GD=13.363021370036584
TIME=1284.0356245040894
