#saving the metrics
#Sat Jan 12 06:31:03 CST 2019
ER=1.0
IGD=98.92421341612983
HV=0.0
EP=96.0
SPREAD=1.1751274706961803
GSPREAD=1.186424428234436
IGD+=98.92421341612983
GD=12.531346636578094
TIME=1180.814156293869
