#saving the metrics
#Sat Jan 12 09:42:05 CST 2019
ER=1.0
IGD=131.07631364972087
HV=0.0
EP=126.0
SPREAD=1.2228447135638365
GSPREAD=1.2127618079572966
IGD+=131.07631364972087
GD=16.733008100479214
TIME=1346.2430799007416
