meanHV: 	1.0	0.6908661783513546
meanET: 	777.6227943658829	1302.8564184506733
p__Val: 	6.058901985029879e-13	1.5099296795810785e-11
