#saving the metrics
#Fri Jan 11 11:08:22 CST 2019
ER=1.0
IGD=2.7627060251895528
HV=0.0
EP=6.0
SPREAD=1.1830700161172265
GSPREAD=0.7670373042349847
IGD+=6.755399522833301
GD=0.8267789608301525
TIME=222.84372901916504
