#saving the metrics
#Fri Jan 11 11:34:06 CST 2019
ER=1.0
IGD=2.390431600634368
HV=0.0
EP=5.333333333333333
SPREAD=1.1526216565477738
GSPREAD=0.8978778105998302
IGD+=5.8454888347425085
GD=0.7742642809704992
TIME=213.57999873161316
