#saving the metrics
#Fri Jan 11 12:13:03 CST 2019
ER=1.0
IGD=3.093867557104756
HV=0.0
EP=7.222222222222222
SPREAD=1.1193843015976452
GSPREAD=0.9553407343895214
IGD+=7.571161889354357
GD=0.8366168618779845
TIME=217.42923617362976
