#saving the metrics
#Fri Jan 11 11:19:41 CST 2019
ER=1.0
IGD=3.3231583387354977
HV=0.0
EP=7.888888888888889
SPREAD=1.09916508567874
GSPREAD=0.7470668021465299
IGD+=8.13082429091487
GD=0.9147728897520485
TIME=215.95428609848022
