#saving the metrics
#Fri Jan 11 11:30:32 CST 2019
ER=1.0
IGD=3.096111327099566
HV=0.0
EP=7.333333333333333
SPREAD=1.1250113737815715
GSPREAD=0.7845492024834116
IGD+=7.578308484352288
GD=1.0051397825552895
TIME=215.20429015159607
