#saving the metrics
#Fri Jan 11 10:37:12 CST 2019
ER=1.0
IGD=2.7854831400909856
HV=0.0
EP=6.444444444444445
SPREAD=1.215961632426716
GSPREAD=1.0378974769875353
IGD+=6.81442030559667
GD=0.8731721841786498
TIME=201.0945918560028
