#saving the metrics
#Fri Jan 11 11:58:37 CST 2019
ER=1.0
IGD=3.767983855055856
HV=0.0
EP=8.88888888888889
SPREAD=1.194584488785759
GSPREAD=0.9021572247290789
IGD+=9.217497762485877
GD=1.0762971234219652
TIME=237.1015226840973
