#saving the metrics
#Fri Jan 11 12:20:15 CST 2019
ER=1.0
IGD=2.941851875166114
HV=0.0
EP=6.888888888888889
SPREAD=1.1265738920294255
GSPREAD=0.7987739294363818
IGD+=7.199971215276176
GD=0.8844598653304536
TIME=211.82633662223816
