#saving the metrics
#Fri Jan 11 12:02:11 CST 2019
ER=1.0
IGD=2.9034828430744057
HV=0.0
EP=6.555555555555555
SPREAD=1.156344271874856
GSPREAD=1.1053196521157846
IGD+=7.108888758131485
GD=0.8114165030442841
TIME=214.03520560264587
