#saving the metrics
#Fri Jan 11 12:16:43 CST 2019
ER=1.0
IGD=3.446037067090843
HV=0.0
EP=7.777777777777778
SPREAD=1.0813222140464571
GSPREAD=0.8400697542503827
IGD+=8.437458709817252
GD=0.9854028254876506
TIME=218.7948341369629
