#saving the metrics
#Fri Jan 11 10:54:20 CST 2019
ER=1.0
IGD=2.432913318505925
HV=0.0
EP=5.777777777777778
SPREAD=1.1758862239390473
GSPREAD=0.7957773148175369
IGD+=5.9514209008218195
GD=0.7931635188451914
TIME=189.28361988067627
