#saving the metrics
#Fri Jan 11 10:41:08 CST 2019
ER=1.0
IGD=3.141168733941105
HV=0.0
EP=7.444444444444445
SPREAD=1.1507283849959737
GSPREAD=1.0129029653763093
IGD+=7.686686872766145
GD=0.9266406916175135
TIME=235.35472178459167
