#saving the metrics
#Fri Jan 11 10:57:56 CST 2019
ER=1.0
IGD=3.4123605304209517
HV=0.0
EP=7.777777777777778
SPREAD=1.1370189095069816
GSPREAD=0.9379282918010236
IGD+=8.354526424939172
GD=1.0970270133253888
TIME=216.23497033119202
