meanHV: 	1.0	0.8312839988805513
meanET: 	133.76219345728558	208.46441151301067
p__Val: 	6.058901985029879e-13	1.5099296795810785e-11
