#saving the metrics
#Sun Dec 30 08:44:30 CST 2018
ER=1.0
IGD=0.03488221294495096
HV=0.7047000618429191
EP=0.05555555555555555
SPREAD=0.8544091228685019
GSPREAD=0.25207305261788
IGD+=0.05662232214996862
GD=0.034105873426083226
TIME=300.8654022216797
