#saving the metrics
#Sun Dec 30 09:14:32 CST 2018
ER=0.9230769230769231
IGD=0.032386684259734885
HV=0.7257266542980827
EP=0.061224489795918324
SPREAD=0.8032256771963117
GSPREAD=0.2340456007384486
IGD+=0.035396999154711194
GD=0.03681599707585758
TIME=297.49609208106995
