#saving the metrics
#Sun Dec 30 08:59:38 CST 2018
ER=0.9230769230769231
IGD=0.04811816270104116
HV=0.7366522366522363
EP=0.05555555555555555
SPREAD=0.8597886267190845
GSPREAD=0.2408700352988518
IGD+=0.020612580550367472
GD=0.03674513306743507
TIME=298.5068564414978
