#saving the metrics
#Sun Dec 30 09:04:37 CST 2018
ER=0.9807692307692307
IGD=0.027293341579055858
HV=0.7141826427540712
EP=0.061224489795918435
SPREAD=0.8246698282857985
GSPREAD=0.3155182070652013
IGD+=0.04681607277738511
GD=0.035652432313077145
TIME=298.5894887447357
