#saving the metrics
#Sun Dec 30 09:50:13 CST 2018
ER=1.0
IGD=0.027400750070209406
HV=0.7056277056277056
EP=0.05555555555555555
SPREAD=0.8138752664663408
GSPREAD=0.34909794018597534
IGD+=0.05396927278884213
GD=0.03797332289034198
TIME=304.119197845459
