#saving the metrics
#Sun Dec 30 10:25:30 CST 2018
ER=0.9903846153846154
IGD=0.03660610659050611
HV=0.7157287157287158
EP=0.09090909090909094
SPREAD=0.9179806782103638
GSPREAD=0.3314809328998592
IGD+=0.05385184039747941
GD=0.03741490517316279
TIME=304.17316198349
