#saving the metrics
#Sun Dec 30 10:50:26 CST 2018
ER=0.9423076923076923
IGD=0.03962491566107468
HV=0.7378890950319522
EP=0.09090909090909091
SPREAD=0.8482101649104185
GSPREAD=0.26255285983800447
IGD+=0.042787227973511456
GD=0.03750838993277982
TIME=298.0586543083191
