#saving the metrics
#Sun Dec 30 10:10:29 CST 2018
ER=0.9615384615384616
IGD=0.03244084233100135
HV=0.725314368171511
EP=0.05555555555555555
SPREAD=0.8427956130099751
GSPREAD=0.281110826825502
IGD+=0.03891173838373616
GD=0.03573175970679897
TIME=301.0252573490143
