#saving the metrics
#Sun Dec 30 09:55:16 CST 2018
ER=1.0
IGD=0.027893776931271604
HV=0.6951144094001237
EP=0.09090909090909094
SPREAD=0.7619727750001904
GSPREAD=0.296475977766666
IGD+=0.07449543397289027
GD=0.03406946698521499
TIME=302.7448785305023
