#saving the metrics
#Sun Dec 30 09:29:49 CST 2018
ER=1.0
IGD=0.035450083415174305
HV=0.7163471449185735
EP=0.05555555555555555
SPREAD=0.7849986985455493
GSPREAD=0.28235436463275165
IGD+=0.05226808310643921
GD=0.03819190161941101
TIME=304.28513407707214
