#saving the metrics
#Sun Dec 30 10:20:25 CST 2018
ER=1.0
IGD=0.03675312442461143
HV=0.6949082663368377
EP=0.09090909090909088
SPREAD=0.7933490911499463
GSPREAD=0.2884124759161208
IGD+=0.0697475227544428
GD=0.034292158947098125
TIME=301.1910910606384
