#saving the metrics
#Mon Jan 14 08:46:17 CST 2019
ER=1.0
IGD=2.0
HV=0.0
EP=2.0
SPREAD=1.5604627434928775
GSPREAD=0.05405405405405406
IGD+=2.0
GD=0.48477967971902525
TIME=316.15372586250305
