#saving the metrics
#Mon Jan 14 08:52:22 CST 2019
ER=1.0
IGD=5.0
HV=0.0
EP=5.0
SPREAD=1.3651760549622645
GSPREAD=0.26275067911083766
IGD+=5.0
GD=1.0140509453315898
TIME=364.2285883426666
