#saving the metrics
#Mon Jan 14 08:40:57 CST 2019
ER=1.0
IGD=3.0
HV=0.0
EP=3.0
SPREAD=1.431500244226459
GSPREAD=0.20788138607421236
IGD+=3.0
GD=0.9802123884804825
TIME=334.761225938797
