#saving the metrics
#Mon Jan 14 07:23:44 CST 2019
ER=1.0
IGD=1.4142135623730951
HV=0.0
EP=1.0
SPREAD=1.3189588983632323
GSPREAD=0.41385652517266064
IGD+=1.4142135623730951
GD=0.9545689153010153
TIME=318.2583441734314
