#saving the metrics
#Mon Jan 14 06:58:05 CST 2019
ER=1.0
IGD=6.708203932499369
HV=0.0
EP=6.0
SPREAD=1.3276862664096876
GSPREAD=1.1407669817820139
IGD+=6.708203932499369
GD=1.3830853806139471
TIME=395.0826280117035
