#saving the metrics
#Mon Jan 14 07:55:53 CST 2019
ER=1.0
IGD=1.4142135623730951
HV=0.0
EP=1.0
SPREAD=1.3406555211376736
GSPREAD=1.264208596547895
IGD+=1.4142135623730951
GD=1.0628332477259335
TIME=307.30621552467346
