#saving the metrics
#Mon Jan 14 08:09:58 CST 2019
ER=1.0
IGD=1.4142135623730951
HV=0.0
EP=1.0
SPREAD=1.3798416553001025
GSPREAD=0.9868158791767815
IGD+=1.4142135623730951
GD=0.8020382198638971
TIME=314.96859097480774
