#saving the metrics
#Mon Jan 14 07:34:37 CST 2019
ER=1.0
IGD=4.0
HV=0.0
EP=4.0
SPREAD=1.4262224106190804
GSPREAD=0.6907103825136606
IGD+=4.0
GD=0.8587815024406618
TIME=352.595645904541
