#saving the metrics
#Mon Jan 14 08:24:54 CST 2019
ER=1.0
IGD=2.0
HV=0.0
EP=2.0
SPREAD=1.4455497602768608
GSPREAD=0.06121783859101073
IGD+=2.0
GD=0.5196370615506187
TIME=319.19080662727356
