#saving the metrics
#Mon Jan 14 06:35:12 CST 2019
ER=1.0
IGD=3.605551275463989
HV=0.0
EP=3.0
SPREAD=1.3750615045549597
GSPREAD=1.05443506810297
IGD+=3.605551275463989
GD=1.1451168136949186
TIME=314.80314660072327
