#saving the metrics
#Mon Jan 14 07:44:54 CST 2019
ER=1.0
IGD=1.4142135623730951
HV=0.0
EP=1.0
SPREAD=1.3864005428295305
GSPREAD=1.002541944752197
IGD+=1.4142135623730951
GD=0.84622678594017
TIME=326.9654824733734
