#saving the metrics
#Mon Jan 14 07:08:25 CST 2019
ER=1.0
IGD=1.4142135623730951
HV=0.0
EP=1.0
SPREAD=1.599725229365152
GSPREAD=0.03883685583242709
IGD+=1.4142135623730951
GD=0.22294666496608812
TIME=330.3284387588501
