#saving the metrics
#Mon Jan 14 07:50:45 CST 2019
ER=1.0
IGD=4.242640687119285
HV=0.0
EP=4.0
SPREAD=1.3508174447870653
GSPREAD=0.330853673129367
IGD+=4.242640687119285
GD=1.2503423567448617
TIME=349.92555236816406
