#saving the metrics
#Fri Jan 10 17:57:27 CST 2020
ER=1.0
IGD=6.782329983125268
HV=0.0
EP=6.0
SPREAD=1.4654513977860695
GSPREAD=1.209375728188702
IGD+=6.782329983125268
GD=2.9493686629860436
TIME=648.1935157775879
