#saving the metrics
#Fri Jan 10 14:15:44 CST 2020
ER=1.0
IGD=6.557438524302
HV=0.0
EP=5.0
SPREAD=1.4794314791402787
GSPREAD=0.3825457090440139
IGD+=6.557438524302
GD=0.8226939873521605
TIME=510.2168638706207
