#saving the metrics
#Fri Jan 10 18:25:23 CST 2020
ER=1.0
IGD=33.24154027718932
HV=0.0
EP=31.0
SPREAD=1.2950054371018769
GSPREAD=1.4202149854192918
IGD+=33.24154027718932
GD=4.533803497027619
TIME=803.3565549850464
