#saving the metrics
#Fri Jan 10 14:29:29 CST 2020
ER=1.0
IGD=36.89173349139343
HV=0.0
EP=31.0
SPREAD=1.2588626917605386
GSPREAD=0.7693052415387804
IGD+=36.89173349139343
GD=5.742691302983344
TIME=823.9031455516815
