#saving the metrics
#Fri Jan 10 18:47:59 CST 2020
ER=1.0
IGD=4.242640687119285
HV=0.0
EP=4.0
SPREAD=1.3120306213767492
GSPREAD=0.17814626670111036
IGD+=4.242640687119285
GD=2.749594899043046
TIME=661.4960658550262
