#saving the metrics
#Fri Jan 10 18:36:57 CST 2020
ER=1.0
IGD=44.955533585978046
HV=0.0
EP=42.0
SPREAD=1.2627178794940246
GSPREAD=0.8221427330796994
IGD+=44.955533585978046
GD=5.667258872616611
TIME=693.123940706253
