#saving the metrics
#Fri Jan 10 15:11:53 CST 2020
ER=1.0
IGD=27.459060435491963
HV=0.0
EP=23.0
SPREAD=1.2582011139552904
GSPREAD=0.9900175230345426
IGD+=27.459060435491963
GD=4.840691092130658
TIME=821.9858186244965
