#saving the metrics
#Fri Jan 10 18:11:59 CST 2020
ER=1.0
IGD=41.60528812542944
HV=0.0
EP=40.0
SPREAD=1.3042056624647647
GSPREAD=1.3321963519376094
IGD+=41.60528812542944
GD=5.873040754988047
TIME=871.2253594398499
