#saving the metrics
#Fri Jan 10 14:58:10 CST 2020
ER=1.0
IGD=41.182520563948
HV=0.0
EP=35.0
SPREAD=1.2056492032084563
GSPREAD=0.6891353956300594
IGD+=41.182520563948
GD=5.518478544143926
TIME=837.562691450119
