#saving the metrics
#Fri Jan 10 13:43:56 CST 2020
ER=1.0
IGD=28.160255680657446
HV=0.0
EP=27.0
SPREAD=1.3248798486159212
GSPREAD=1.2794065043225413
IGD+=28.160255680657446
GD=3.856590201442125
TIME=851.3725578784943
