#saving the metrics
#Fri Jan 10 16:19:40 CST 2020
ER=1.0
IGD=22.825424421026653
HV=0.0
EP=19.0
SPREAD=1.2980264529387944
GSPREAD=1.3709048756271947
IGD+=22.825424421026653
GD=4.89642379562825
TIME=857.9770774841309
