#saving the metrics
#Fri Jan 10 17:46:38 CST 2020
ER=1.0
IGD=36.41428291206625
HV=0.0
EP=34.0
SPREAD=1.2065115364648873
GSPREAD=0.6131566353862038
IGD+=36.41428291206625
GD=3.810416562059486
TIME=759.9117610454559
