#saving the metrics
#Sat Jan 11 21:16:11 CST 2020
ER=1.0
IGD=10.63014581273465
HV=0.0
EP=7.0
SPREAD=1.314663255435546
GSPREAD=1.271824395950468
IGD+=10.63014581273465
GD=3.331931678093504
TIME=683.5806562900543
