#saving the metrics
#Fri Jan 10 17:33:57 CST 2020
ER=1.0
IGD=4.123105625617661
HV=0.0
EP=4.0
SPREAD=1.4847296939695642
GSPREAD=0.3804002119377683
IGD+=4.123105625617661
GD=2.261839598058832
TIME=575.0108404159546
