#saving the metrics
#Fri Jan 10 13:58:04 CST 2020
ER=1.0
IGD=51.45872132107443
HV=0.0
EP=49.0
SPREAD=1.2759014830848323
GSPREAD=0.9530515282478391
IGD+=51.45872132107443
GD=6.4342056438672905
TIME=846.6287798881531
