#saving the metrics
#Fri Jan 10 15:39:42 CST 2020
ER=1.0
IGD=28.478061731796284
HV=0.0
EP=26.0
SPREAD=1.3135681064038265
GSPREAD=1.292606007308596
IGD+=28.478061731796284
GD=5.145131772110502
TIME=841.9015636444092
