#saving the metrics
#Fri Jan 10 13:15:21 CST 2020
ER=1.0
IGD=31.68595903550972
HV=0.0
EP=29.0
SPREAD=1.255743917722023
GSPREAD=0.6463003442645382
IGD+=31.68595903550972
GD=5.006191178269033
TIME=733.934273481369
