#saving the metrics
#Fri Jan 10 15:25:39 CST 2020
ER=1.0
IGD=14.247806848775006
HV=0.0
EP=11.0
SPREAD=1.3058922478357096
GSPREAD=0.7700634758983481
IGD+=14.247806848775006
GD=4.098824564651601
TIME=825.6330111026764
