#saving the metrics
#Fri Jan 10 16:46:12 CST 2020
ER=1.0
IGD=20.83266665599966
HV=0.0
EP=16.0
SPREAD=1.345754225745372
GSPREAD=0.9952528478264493
IGD+=20.83266665599966
GD=3.8898087671372688
TIME=752.9045822620392
