#saving the metrics
#Fri Jan 10 16:05:22 CST 2020
ER=1.0
IGD=43.42810150121693
HV=0.0
EP=37.0
SPREAD=1.2501182560029012
GSPREAD=0.9793213647569442
IGD+=43.42810150121693
GD=5.272673746342945
TIME=843.9474730491638
