#saving the metrics
#Fri Jan 10 18:57:43 CST 2020
ER=1.0
IGD=3.7416573867739413
HV=0.0
EP=3.0
SPREAD=1.4053921768485054
GSPREAD=0.5572352630788974
IGD+=3.7416573867739413
GD=0.6060166959974489
TIME=582.4547121524811
