#saving the metrics
#Fri Jan 10 16:33:38 CST 2020
ER=1.0
IGD=27.202941017470888
HV=0.0
EP=25.0
SPREAD=1.282065772153631
GSPREAD=0.5872196429024565
IGD+=27.202941017470888
GD=3.9710060298227816
TIME=836.7654948234558
