#saving the metrics
#Fri Jan 10 17:00:12 CST 2020
ER=1.0
IGD=27.65863337187866
HV=0.0
EP=27.0
SPREAD=1.6212571724133804
GSPREAD=0.4860922711208554
IGD+=27.65863337187866
GD=4.393811355906455
TIME=839.1577866077423
