#saving the metrics
#Fri Jan 10 13:29:44 CST 2020
ER=1.0
IGD=26.92582403567252
HV=0.0
EP=26.0
SPREAD=1.3263096322679557
GSPREAD=0.735367539792964
IGD+=26.92582403567252
GD=3.531471721111016
TIME=861.6496477127075
