#saving the metrics
#Fri Jan 10 14:44:12 CST 2020
ER=1.0
IGD=22.22611077089287
HV=0.0
EP=18.0
SPREAD=1.3535706196750237
GSPREAD=1.3642559686678164
IGD+=22.22611077089287
GD=4.984975157838106
TIME=882.1060020923615
