#saving the metrics
#Fri Jan 10 14:07:13 CST 2020
ER=1.0
IGD=3.0
HV=0.0
EP=3.0
SPREAD=1.0
GSPREAD=1.0
IGD+=3.0
GD=0.29277002188455997
TIME=548.1260993480682
