#saving the metrics
#Fri Jan 10 15:51:17 CST 2020
ER=1.0
IGD=11.180339887498949
HV=0.0
EP=8.0
SPREAD=1.4698509725747926
GSPREAD=0.5540112336859623
IGD+=11.180339887498949
GD=4.884767382481215
TIME=693.7316546440125
