#saving the metrics
#Fri Jan 10 17:11:36 CST 2020
ER=1.0
IGD=30.23243291566195
HV=0.0
EP=25.0
SPREAD=1.2701858392975451
GSPREAD=1.2023169220044658
IGD+=30.23243291566195
GD=4.519757583851156
TIME=682.1752581596375
