#saving the metrics
#Mon Dec 31 06:29:02 CST 2018
ER=1.0
IGD=0.06595288087447647
HV=0.42469696969696963
EP=0.26666666666666666
SPREAD=0.5936011016673775
GSPREAD=0.36838448165549964
IGD+=0.2896298377703723
GD=0.049884060804651256
TIME=266.8085501194
