#saving the metrics
#Mon Dec 31 06:01:47 CST 2018
ER=1.0
IGD=0.06621739516291963
HV=0.38930735930735927
EP=0.2857142857142857
SPREAD=0.5991640818625749
GSPREAD=0.4028717276986234
IGD+=0.29173948139236167
GD=0.04695956812573114
TIME=269.5217366218567
