#saving the metrics
#Mon Dec 31 07:23:35 CST 2018
ER=1.0
IGD=0.059243958433081056
HV=0.456168831168831
EP=0.22857142857142856
SPREAD=0.603704586604733
GSPREAD=0.322235432507495
IGD+=0.25944505887315444
GD=0.04767327447561277
TIME=278.61996030807495
