#saving the metrics
#Mon Dec 31 07:32:33 CST 2018
ER=1.0
IGD=0.08414367073427356
HV=0.3498051948051948
EP=0.35
SPREAD=0.6365728461534369
GSPREAD=0.3956323755206014
IGD+=0.3676835005855237
GD=0.055012696730190595
TIME=270.9676094055176
