#saving the metrics
#Mon Dec 31 06:10:58 CST 2018
ER=1.0
IGD=0.09319903582176015
HV=0.2546536796536797
EP=0.4
SPREAD=0.6870193288513476
GSPREAD=0.4110633031020672
IGD+=0.40911782930092977
GD=0.06259866993622377
TIME=276.7529683113098
