#saving the metrics
#Mon Dec 31 06:20:03 CST 2018
ER=1.0
IGD=0.06702440630582016
HV=0.39116883116883117
EP=0.2499999999999999
SPREAD=0.570847608254678
GSPREAD=0.3335057402871126
IGD+=0.2961672189619299
GD=0.05090822287778681
TIME=272.0143940448761
