#saving the metrics
#Mon Dec 31 06:15:31 CST 2018
ER=1.0
IGD=0.06705820625112158
HV=0.4113203463203462
EP=0.2727272727272727
SPREAD=0.6202273157439769
GSPREAD=0.33915950575684434
IGD+=0.2959888730766458
GD=0.04991330098830712
TIME=272.8175301551819
