#saving the metrics
#Mon Dec 31 07:10:02 CST 2018
ER=1.0
IGD=0.053746210135365305
HV=0.4905627705627705
EP=0.21666666666666667
SPREAD=0.6078853333461628
GSPREAD=0.34306384758614944
IGD+=0.23114920566217628
GD=0.05046442298485157
TIME=269.5768828392029
