#saving the metrics
#Mon Dec 31 06:42:45 CST 2018
ER=1.0
IGD=0.07902873518530482
HV=0.2950216450216451
EP=0.2857142857142857
SPREAD=0.6663647381226274
GSPREAD=0.39509052900716235
IGD+=0.3508941468393628
GD=0.05655078461466855
TIME=274.64536142349243
