#saving the metrics
#Mon Dec 31 05:28:28 CST 2018
ER=1.0
IGD=0.06521129378482503
HV=0.39071428571428585
EP=0.3142857142857143
SPREAD=0.6823875982219003
GSPREAD=0.3398995272240981
IGD+=0.28382939847517696
GD=0.04998252890636772
TIME=277.77167892456055
