#saving the metrics
#Mon Dec 31 05:39:06 CST 2018
ER=1.0
IGD=0.07020562186644327
HV=0.4112121212121213
EP=0.3142857142857143
SPREAD=0.6351197361676322
GSPREAD=0.3441302766185505
IGD+=0.3081762107860718
GD=0.04791521149473137
TIME=310.1387779712677
