#saving the metrics
#Mon Dec 31 05:43:42 CST 2018
ER=1.0
IGD=0.07834273779685416
HV=0.31170995670995677
EP=0.35
SPREAD=0.6527920207474208
GSPREAD=0.38534287936113126
IGD+=0.34676753413499645
GD=0.057006393144915186
TIME=275.9067440032959
