#saving the metrics
#Mon Dec 31 07:14:30 CST 2018
ER=1.0
IGD=0.06746749340648595
HV=0.46720779220779224
EP=0.27272727272727276
SPREAD=0.6431288392795259
GSPREAD=0.3716368555978187
IGD+=0.29572790049253417
GD=0.04273548811841481
TIME=267.8342580795288
