meanHV: 	1.0	0.9830555555555556
meanET: 	164.8540304660797	164.3753974914551
p__Val: 	0.00033083695531454447	0.2998447422561852
