#saving the metrics
#Thu Jan 10 06:01:31 CST 2019
ER=1.0
IGD=2.5211922910475697
HV=0.0
EP=7.888888888888889
SPREAD=1.1586693538619601
GSPREAD=0.8953157829531723
IGD+=7.958497227317923
GD=0.8147431688631915
TIME=1215.7816412448883
