#saving the metrics
#Thu Jan 10 03:19:50 CST 2019
ER=1.0
IGD=2.3584727226260522
HV=0.0
EP=7.5
SPREAD=1.182431458454968
GSPREAD=1.127212971334423
IGD+=7.4457910105857605
GD=0.7500569118995395
TIME=1142.9816341400146
