#saving the metrics
#Thu Jan 10 11:24:19 CST 2019
ER=1.0
IGD=2.4372666575983204
HV=0.0
EP=7.611111111111111
SPREAD=1.2254184380002473
GSPREAD=1.0715671634553585
IGD+=7.697319709211136
GD=0.7857426571667623
TIME=1233.1513373851776
