#saving the metrics
#Thu Jan 10 04:20:21 CST 2019
ER=1.0
IGD=2.240298698280624
HV=0.0
EP=7.055555555555555
SPREAD=1.2355036447218855
GSPREAD=0.8975477783035809
IGD+=7.06916855804927
GD=0.6963398877026916
TIME=1128.2546081542969
