#saving the metrics
#Thu Jan 10 05:41:15 CST 2019
ER=1.0
IGD=2.485793193864537
HV=0.0
EP=7.611111111111111
SPREAD=1.2110758691950951
GSPREAD=1.2465515293147498
IGD+=7.849613920336921
GD=0.8242601179682641
TIME=1181.7736959457397
