#saving the metrics
#Thu Jan 10 07:42:18 CST 2019
ER=1.0
IGD=2.5262950409281295
HV=0.0
EP=7.777777777777778
SPREAD=1.2820796807685961
GSPREAD=0.9385815327323584
IGD+=7.980782709311117
GD=0.8766545999065828
TIME=1253.1596446037292
