#saving the metrics
#Thu Jan 10 10:44:15 CST 2019
ER=1.0
IGD=2.451870450211192
HV=0.0
EP=7.555555555555555
SPREAD=1.2297476592956145
GSPREAD=0.9260540036301671
IGD+=7.743801866645517
GD=0.7734070287761472
TIME=1153.5216102600098
