#saving the metrics
#Thu Jan 10 08:43:01 CST 2019
ER=1.0
IGD=2.7874537466781613
HV=0.0
EP=8.666666666666666
SPREAD=1.195159304428164
GSPREAD=0.95576123694973
IGD+=8.805859227700104
GD=0.9161293827233598
TIME=1258.5961256027222
