#saving the metrics
#Thu Jan 10 03:00:47 CST 2019
ER=1.0
IGD=2.487060520394753
HV=0.0
EP=7.777777777777778
SPREAD=1.1887223149781645
GSPREAD=0.8494344014467671
IGD+=7.846929024690252
GD=0.8063908805188374
TIME=1271.3198623657227
