#saving the metrics
#Thu Jan 10 06:40:33 CST 2019
ER=1.0
IGD=1.8912541794337716
HV=0.0
EP=5.944444444444445
SPREAD=1.1630772958461064
GSPREAD=0.8540924913464129
IGD+=5.9571488902620855
GD=0.5797220753393205
TIME=1112.7428262233734
