#saving the metrics
#Thu Jan 10 08:01:08 CST 2019
ER=1.0
IGD=2.4162955297702298
HV=0.0
EP=7.722222222222222
SPREAD=1.1887845615230463
GSPREAD=0.86611646509946
IGD+=7.630348542432917
GD=0.7574159582126884
TIME=1128.9851179122925
