#saving the metrics
#Thu Jan 10 05:02:28 CST 2019
ER=1.0
IGD=2.6434379283853824
HV=0.0
EP=8.277777777777779
SPREAD=1.2706290124043058
GSPREAD=0.9712204278830039
IGD+=8.349194955929558
GD=0.9002576427282273
TIME=1227.5589225292206
