#saving the metrics
#Thu Jan 10 09:22:48 CST 2019
ER=1.0
IGD=2.280134516273672
HV=0.0
EP=7.0
SPREAD=1.2249870437080514
GSPREAD=0.9006278695750344
IGD+=7.197679593972589
GD=0.7337849120941963
TIME=1185.8605771064758
