#saving the metrics
#Thu Jan 10 12:45:25 CST 2019
ER=1.0
IGD=2.8561043975023632
HV=0.0
EP=8.833333333333334
SPREAD=1.1925578962143
GSPREAD=1.2260657525092276
IGD+=9.023059313235198
GD=0.9111065783706378
TIME=1374.8812372684479
