#saving the metrics
#Mon Jan 14 15:24:29 CST 2019
ER=1.0
IGD=1.0
HV=0.0
EP=1.0
SPREAD=1.41869296240982
GSPREAD=0.4171402545484143
IGD+=1.0
GD=0.46491410466510186
TIME=150.07008004188538
