#saving the metrics
#Mon Jan 14 16:09:35 CST 2019
ER=1.0
IGD=1.7320508075688772
HV=0.0
EP=1.0
SPREAD=1.3737649968596284
GSPREAD=0.271001674790872
IGD+=1.7320508075688772
GD=0.48215314509893864
TIME=151.22618436813354
