#saving the metrics
#Mon Jan 14 15:39:23 CST 2019
ER=1.0
IGD=3.0
HV=0.0
EP=2.0
SPREAD=1.2435499041874813
GSPREAD=0.12328873239492462
IGD+=3.0
GD=0.9925801829077255
TIME=155.73916792869568
