#saving the metrics
#Mon Jan 14 15:46:54 CST 2019
ER=1.0
IGD=1.0
HV=0.0
EP=1.0
SPREAD=1.4564314400152003
GSPREAD=0.24378013341630617
IGD+=1.0
GD=0.3518657752744984
TIME=146.0103132724762
