#saving the metrics
#Mon Jan 14 15:14:33 CST 2019
ER=1.0
IGD=2.0
HV=0.0
EP=2.0
SPREAD=1.5202651713663058
GSPREAD=0.05405405405405406
IGD+=2.0
GD=0.2899683304312063
TIME=158.27497363090515
