#saving the metrics
#Mon Jan 14 15:51:53 CST 2019
ER=1.0
IGD=1.0
HV=0.0
EP=1.0
SPREAD=1.4465379757256427
GSPREAD=0.3521333109425379
IGD+=1.0
GD=0.46305698213878926
TIME=156.34877681732178
