#saving the metrics
#Mon Jan 14 16:07:03 CST 2019
ER=1.0
IGD=1.0
HV=0.0
EP=1.0
SPREAD=1.4521526545665269
GSPREAD=0.3705469568359668
IGD+=1.0
GD=0.3853319680789316
TIME=154.0135669708252
