#saving the metrics
#Tue Jan 22 07:25:47 CST 2019
ER=1.0
IGD=53.291650377896914
HV=0.0
EP=49.0
SPREAD=1.2783186348663647
GSPREAD=1.1070247980355583
IGD+=53.291650377896914
GD=8.759922135936163
TIME=1302.828628540039
