#saving the metrics
#Tue Jan 22 05:11:39 CST 2019
ER=1.0
IGD=66.73829485385434
HV=0.0
EP=59.0
SPREAD=1.2228829755190629
GSPREAD=0.8177646924043713
IGD+=66.73829485385434
GD=9.291885617139046
TIME=1326.7121419906616
