#saving the metrics
#Tue Jan 22 09:36:34 CST 2019
ER=1.0
IGD=57.784080852774665
HV=0.0
EP=49.0
SPREAD=1.225450026289039
GSPREAD=1.1354188244695176
IGD+=57.784080852774665
GD=9.168782687124764
TIME=1301.541208744049
