#saving the metrics
#Tue Jan 22 10:41:22 CST 2019
ER=1.0
IGD=45.044422518220834
HV=0.0
EP=39.0
SPREAD=1.1943073215357154
GSPREAD=0.7750866658704996
IGD+=45.044422518220834
GD=7.198979519518651
TIME=1325.6543309688568
