#saving the metrics
#Tue Jan 22 02:19:34 CST 2019
ER=1.0
IGD=15.394804318340652
HV=0.0
EP=12.0
SPREAD=1.228786834639184
GSPREAD=0.7801553205669979
IGD+=15.394804318340652
GD=5.230496653100472
TIME=1066.3346660137177
