#saving the metrics
#Tue Jan 22 03:44:15 CST 2019
ER=1.0
IGD=62.12889826803627
HV=0.0
EP=57.0
SPREAD=1.2392946738699637
GSPREAD=1.2174074550826604
IGD+=62.12889826803627
GD=9.808885786000966
TIME=1332.0843741893768
