#saving the metrics
#Tue Jan 22 04:27:07 CST 2019
ER=1.0
IGD=75.73638491504595
HV=0.0
EP=74.0
SPREAD=1.2776160230547344
GSPREAD=1.0671757287608612
IGD+=75.73638491504595
GD=10.997447652763956
TIME=1335.8624749183655
