#saving the metrics
#Tue Jan 22 02:01:46 CST 2019
ER=1.0
IGD=47.05316142407437
HV=0.0
EP=38.0
SPREAD=1.2181300125731054
GSPREAD=1.4452097696512678
IGD+=47.05316142407437
GD=9.051683297682368
TIME=1301.7256960868835
