#saving the metrics
#Tue Jan 22 11:26:24 CST 2019
ER=1.0
IGD=57.323642591866054
HV=0.0
EP=54.0
SPREAD=1.2658387152870165
GSPREAD=1.0441019148393422
IGD+=57.323642591866054
GD=9.349747471337276
TIME=1344.0763161182404
