#saving the metrics
#Tue Jan 22 09:14:51 CST 2019
ER=1.0
IGD=50.368641037852115
HV=0.0
EP=42.0
SPREAD=1.2971978566576319
GSPREAD=1.022253136001844
IGD+=50.368641037852115
GD=13.874883096890617
TIME=1296.3634073734283
