#saving the metrics
#Tue Jan 22 07:04:04 CST 2019
ER=1.0
IGD=58.677082408722406
HV=0.0
EP=52.0
SPREAD=1.20303296133282
GSPREAD=0.9589842965771159
IGD+=58.677082408722406
GD=8.191406370214791
TIME=1311.139729499817
