#saving the metrics
#Tue Jan 22 06:18:57 CST 2019
ER=1.0
IGD=55.74047003748713
HV=0.0
EP=53.0
SPREAD=1.223817606127768
GSPREAD=0.9393447169257801
IGD+=55.74047003748713
GD=9.649912762638355
TIME=1304.4419181346893
