#saving the metrics
#Tue Jan 22 06:42:12 CST 2019
ER=1.0
IGD=85.74963556773871
HV=0.0
EP=79.0
SPREAD=1.1759696536227082
GSPREAD=0.9987586929901311
IGD+=85.74963556773871
GD=11.538467655094605
TIME=1394.836303472519
