#saving the metrics
#Tue Jan 22 04:04:50 CST 2019
ER=1.0
IGD=60.28266749240614
HV=0.0
EP=57.0
SPREAD=1.2491378432066647
GSPREAD=1.1633398842045752
IGD+=60.28266749240614
GD=8.834810555468657
TIME=1234.528971195221
