#saving the metrics
#Tue Jan 22 01:40:04 CST 2019
ER=1.0
IGD=47.44470465710583
HV=0.0
EP=43.0
SPREAD=1.17515096277747
GSPREAD=0.7425876912473534
IGD+=47.44470465710583
GD=6.669890377039442
TIME=1297.0803146362305
