#saving the metrics
#Tue Jan 22 08:08:36 CST 2019
ER=1.0
IGD=67.08203932499369
HV=0.0
EP=61.0
SPREAD=1.202969016079757
GSPREAD=0.9872739714686084
IGD+=67.08203932499369
GD=8.871054103489026
TIME=1309.5544874668121
