#saving the metrics
#Tue Jan 22 08:29:32 CST 2019
ER=1.0
IGD=45.32107677449864
HV=0.0
EP=38.0
SPREAD=1.2367398525504198
GSPREAD=0.9510967045846447
IGD+=45.32107677449864
GD=9.084506258914349
TIME=1254.3807916641235
