#saving the metrics
#Tue Jan 22 08:53:14 CST 2019
ER=1.0
IGD=85.93602271457529
HV=0.0
EP=73.0
SPREAD=1.1613366443990858
GSPREAD=0.8270927125112705
IGD+=85.93602271457529
GD=10.318642178951334
TIME=1421.7308201789856
