#saving the metrics
#Tue Jan 22 09:58:19 CST 2019
ER=1.0
IGD=58.25804665451803
HV=0.0
EP=52.0
SPREAD=1.2949274839553728
GSPREAD=1.286352686454406
IGD+=58.25804665451803
GD=8.596645446054529
TIME=1304.49906539917
