#saving the metrics
#Thu Jan 10 13:19:56 CST 2019
ER=1.0
IGD=1.1312251443584018
HV=0.0
EP=5.085714285714285
SPREAD=1.0626667361944189
GSPREAD=0.888773118678817
IGD+=5.039485590238342
GD=0.4753603209630738
TIME=857.0521523952484
