#saving the metrics
#Thu Jan 10 17:28:23 CST 2019
ER=1.0
IGD=1.1005088993378407
HV=0.0
EP=4.942857142857143
SPREAD=1.091828412768312
GSPREAD=0.8808504734461482
IGD+=4.913678372645649
GD=0.5023621124608392
TIME=864.2362551689148
