#saving the metrics
#Thu Jan 10 20:21:28 CST 2019
ER=1.0
IGD=1.1309310110038018
HV=0.0
EP=5.057142857142857
SPREAD=1.1390318013277523
GSPREAD=0.9034521093203448
IGD+=5.04860665681319
GD=0.4936156320679836
TIME=871.3461909294128
