#saving the metrics
#Thu Jan 10 16:15:24 CST 2019
ER=1.0
IGD=1.2401282352012817
HV=0.0
EP=5.514285714285714
SPREAD=1.1124719954766977
GSPREAD=1.1911665256781507
IGD+=5.538580942194966
GD=0.5328623466024996
TIME=905.50901055336
