#saving the metrics
#Thu Jan 10 17:42:54 CST 2019
ER=1.0
IGD=1.2283869057295884
HV=0.0
EP=5.457142857142857
SPREAD=1.1184969942873861
GSPREAD=0.9488391408306766
IGD+=5.479532961202504
GD=0.5300489854720445
TIME=871.4414253234863
