#saving the metrics
#Thu Jan 10 19:52:00 CST 2019
ER=1.0
IGD=1.1170179024932223
HV=0.0
EP=4.9714285714285715
SPREAD=1.1264299666528406
GSPREAD=0.8904227174624304
IGD+=4.981969913744914
GD=0.4836815582674351
TIME=881.1011328697205
