#saving the metrics
#Thu Jan 10 15:32:24 CST 2019
ER=1.0
IGD=1.1962858581507436
HV=0.0
EP=5.3428571428571425
SPREAD=1.080398800315506
GSPREAD=0.9225101935959052
IGD+=5.343838245519713
GD=0.5405197738341413
TIME=942.7831344604492
