#saving the metrics
#Thu Jan 10 16:59:59 CST 2019
ER=1.0
IGD=1.1782581147904818
HV=0.0
EP=5.257142857142857
SPREAD=1.0334109929111694
GSPREAD=0.8856975316514965
IGD+=5.262323752346519
GD=0.49827146061905114
TIME=862.9739279747009
