#saving the metrics
#Thu Jan 10 15:16:41 CST 2019
ER=1.0
IGD=1.1705001235489418
HV=0.0
EP=5.257142857142857
SPREAD=1.0635302597484657
GSPREAD=1.1935550521723366
IGD+=5.223409685700159
GD=0.4960459601729677
TIME=907.2696945667267
