#saving the metrics
#Thu Jan 10 14:46:09 CST 2019
ER=1.0
IGD=1.100436949021592
HV=0.0
EP=4.885714285714286
SPREAD=1.1531243621510643
GSPREAD=0.9180190807412125
IGD+=4.913350386324194
GD=0.4892173276384672
TIME=846.008811712265
