#saving the metrics
#Thu Jan 10 16:00:19 CST 2019
ER=1.0
IGD=1.0797759397110231
HV=0.0
EP=4.857142857142857
SPREAD=1.1477470556809406
GSPREAD=0.9120643412838689
IGD+=4.808202252764133
GD=0.4471999151936618
TIME=818.8275017738342
