#saving the metrics
#Thu Jan 10 18:11:11 CST 2019
ER=1.0
IGD=0.9904677010598707
HV=0.0
EP=4.457142857142857
SPREAD=1.1172488452352454
GSPREAD=0.960066705896282
IGD+=4.418398205014912
GD=0.42056376147099367
TIME=823.6182668209076
