#saving the metrics
#Thu Jan 10 15:01:33 CST 2019
ER=1.0
IGD=1.1343394394254074
HV=0.0
EP=5.085714285714285
SPREAD=1.1091077555293631
GSPREAD=0.9254671628072076
IGD+=5.066033417321285
GD=0.5341813142643819
TIME=924.3360788822174
