#saving the metrics
#Thu Jan 10 14:03:23 CST 2019
ER=1.0
IGD=1.0921410322086629
HV=0.0
EP=4.914285714285715
SPREAD=1.0814429940396786
GSPREAD=0.8984643865029176
IGD+=4.874925367471185
GD=0.49729970389191575
TIME=868.5046343803406
