meanHV: 	1.0	0.623436763735746
meanET: 	107.76008397738138	210.0528373003006
p__Val: 	6.058901985029879e-13	1.5099296795810785e-11
